Current Date: 2026-02-03
Log file path: Result/C-dataset/AMNTDDA/result_2026-02-03_03-30-57.txt
Parameters: Namespace(k_fold=10, epochs=300, lr=0.0001, weight_decay=0.001, random_seed=1234, neighbor=20, negative_rate=1.0, dataset='C-dataset', gt_layer=2, gt_head=2, gt_out_dim=200, hgt_layer=2, hgt_head=8, hgt_in_dim=64, hgt_head_dim=25, hgt_out_dim=200, tr_layer=2, tr_head=4, n_groups=2, n_group_inner_layers=2, d_feature=400, d_model=400, d_inner=512, n_head=4, d_k=100, d_v=100, input_with_mask=True, param_sharing_strategy='within_group', MIT=True, amdgt_dropout=0.2, saits_dropout=0.1, data_dir='data/C-dataset/', result_dir='Result/C-dataset/AMNTDDA/')
Dataset: C-dataset

Fold: 0
Epoch Time    LL        Acc       RMSE      MAE       Recall    Prec      F1        AUC       AUPRC     Spec      Brier     TP    FN    FP    TN    PosAvg    NegAvg    
1     23.20   0.72835   0.49901   0.51673   0.49974   0.00000   0.00000   0.00000   0.66999   0.70459   1.00000   0.26701   0     254   0     253   0.36912   0.36807   
AUC improved at epoch  1 ;	best_auc: 0.66999159690019
2     61.04   0.73639   0.49901   0.52031   0.49609   0.00000   0.00000   0.00000   0.70493   0.68428   1.00000   0.27072   0     254   0     253   0.34784   0.33940   
AUC improved at epoch  2 ;	best_auc: 0.7049267062961003
3     121.79  0.65625   0.63511   0.48048   0.43379   0.32677   0.85567   0.47293   0.74842   0.75132   0.94466   0.23086   83    171   14    239   0.41264   0.27962   
AUC improved at epoch  3 ;	best_auc: 0.7484205284616103
4     166.66  0.71331   0.59566   0.50506   0.43379   0.22047   0.88889   0.35331   0.76699   0.76733   0.97233   0.25508   56    198   7     246   0.34706   0.21377   
AUC improved at epoch  4 ;	best_auc: 0.7669851545236687
5     175.21  0.65964   0.63905   0.48063   0.40605   0.35827   0.81982   0.49863   0.78883   0.77482   0.92095   0.23100   91    163   20    233   0.40831   0.21969   
AUC improved at epoch  5 ;	best_auc: 0.7888332140300645
6     202.52  0.62587   0.68442   0.46408   0.38447   0.47638   0.81757   0.60199   0.79781   0.77254   0.89328   0.21537   121   133   27    226   0.45506   0.22337   
AUC improved at epoch  6 ;	best_auc: 0.7978120817901714
7     211.04  0.68683   0.64497   0.48781   0.38838   0.37008   0.82456   0.51087   0.80200   0.77219   0.92095   0.23796   94    160   20    233   0.40332   0.17926   
AUC improved at epoch  7 ;	best_auc: 0.8019980703993027
8     214.58  0.66720   0.65680   0.48018   0.38376   0.41732   0.80303   0.54922   0.80206   0.76776   0.89723   0.23057   106   148   26    227   0.42126   0.18802   
AUC improved at epoch  8 ;	best_auc: 0.8020603155830819
9     218.06  0.60439   0.68836   0.45436   0.37324   0.52756   0.77907   0.62911   0.80148   0.76837   0.84980   0.20644   134   120   38    215   0.48416   0.23007   
10    224.70  0.58294   0.70414   0.44491   0.37090   0.58268   0.77083   0.66368   0.80424   0.77335   0.82609   0.19795   148   106   44    209   0.50502   0.24634   
AUC improved at epoch  10 ;	best_auc: 0.8042388970153435
11    246.22  0.76034   0.62327   0.50847   0.38993   0.33071   0.80000   0.46797   0.81121   0.77584   0.91700   0.25855   84    170   21    232   0.35930   0.13817   
AUC improved at epoch  11 ;	best_auc: 0.8112103575985808
12    275.19  0.57423   0.71006   0.43888   0.37060   0.62992   0.75117   0.68522   0.79867   0.76877   0.79051   0.19262   160   94    53    200   0.52163   0.26241   
13    281.91  0.56609   0.72189   0.43338   0.36414   0.69291   0.73640   0.71400   0.79601   0.76743   0.75099   0.18782   176   78    63    190   0.55641   0.28438   
14    303.34  0.59159   0.71795   0.44119   0.35782   0.68110   0.73617   0.70757   0.79327   0.76471   0.75494   0.19464   173   81    62    191   0.54411   0.25937   
15    322.07  0.58199   0.71598   0.43658   0.35696   0.74409   0.70522   0.72414   0.79109   0.76270   0.68775   0.19061   189   65    79    174   0.57206   0.28569   
16    333.79  0.57912   0.71795   0.43499   0.35666   0.78346   0.69338   0.73567   0.78888   0.76212   0.65217   0.18922   199   55    88    165   0.59361   0.30674   
17    344.80  0.58458   0.72387   0.43667   0.35563   0.79528   0.69655   0.74265   0.78712   0.76178   0.65217   0.19068   202   52    88    165   0.59990   0.31100   
18    358.46  0.59602   0.71795   0.44023   0.35404   0.77953   0.69474   0.73469   0.78406   0.76058   0.65613   0.19380   198   56    87    166   0.60331   0.31121   
19    385.12  0.62555   0.72387   0.44673   0.34808   0.73228   0.72093   0.72656   0.78381   0.76037   0.71542   0.19957   186   68    72    181   0.57510   0.27094   
20    397.04  0.69402   0.70020   0.46376   0.35012   0.62992   0.73394   0.67797   0.78655   0.76224   0.77075   0.21507   160   94    58    195   0.51316   0.21286   
21    400.82  0.88518   0.64103   0.51353   0.37885   0.37008   0.81034   0.50811   0.78546   0.75601   0.91304   0.26372   94    160   22    231   0.37893   0.13567   
Early stopping triggered at epoch 21!

Fold: 1
Epoch Time    LL        Acc       RMSE      MAE       Recall    Prec      F1        AUC       AUPRC     Spec      Brier     TP    FN    FP    TN    PosAvg    NegAvg    
1     433.77  0.72715   0.49901   0.51619   0.49983   0.00000   0.00000   0.00000   0.67079   0.67565   1.00000   0.26645   0     254   0     253   0.37153   0.37069   
AUC improved at epoch  1 ;	best_auc: 0.6707930036413433
2     439.98  0.73232   0.49901   0.51852   0.49785   0.00000   0.00000   0.00000   0.75824   0.75757   1.00000   0.26886   0     254   0     253   0.35759   0.35272   
AUC improved at epoch  2 ;	best_auc: 0.7582397062027326
3     444.20  0.67462   0.55819   0.49115   0.45745   0.12598   0.94118   0.22222   0.76674   0.77928   0.99209   0.24123   32    222   2     251   0.38396   0.29823   
AUC improved at epoch  3 ;	best_auc: 0.7667361737885531
4     453.18  0.59122   0.70020   0.44902   0.40208   0.48819   0.84932   0.62000   0.79783   0.79721   0.91304   0.20162   124   130   22    231   0.48304   0.28675   
AUC improved at epoch  4 ;	best_auc: 0.7978276430861163
5     457.05  0.60618   0.67850   0.45514   0.38339   0.48031   0.79739   0.59951   0.80190   0.79207   0.87747   0.20715   122   132   31    222   0.47140   0.23760   
AUC improved at epoch  5 ;	best_auc: 0.8019047026236346
6     460.96  0.63397   0.66075   0.46732   0.38400   0.42913   0.80147   0.55897   0.80674   0.79426   0.89328   0.21839   109   145   27    226   0.44001   0.20730   
AUC improved at epoch  6 ;	best_auc: 0.8067442656624444
7     479.43  0.60545   0.67653   0.45493   0.37871   0.49606   0.77778   0.60577   0.80386   0.78563   0.85771   0.20696   126   128   36    217   0.47456   0.23140   
8     483.68  0.68504   0.63314   0.48568   0.38587   0.36614   0.78814   0.50000   0.80200   0.78044   0.90119   0.23589   93    161   25    228   0.40493   0.17585   
9     495.41  0.80081   0.60355   0.52120   0.39918   0.27165   0.81176   0.40708   0.80100   0.77824   0.93676   0.27165   69    185   16    237   0.33434   0.13164   
10    520.60  0.76436   0.62722   0.50409   0.38427   0.35433   0.78261   0.48780   0.79619   0.77307   0.90119   0.25411   90    164   25    228   0.38007   0.14769   
11    532.00  0.80419   0.62722   0.51108   0.38505   0.35433   0.78261   0.48780   0.79233   0.77021   0.90119   0.26120   90    164   25    228   0.36997   0.13911   
12    544.14  0.78056   0.64300   0.50187   0.38049   0.38976   0.79200   0.52243   0.79020   0.76827   0.89723   0.25187   99    155   26    227   0.38988   0.14996   
13    571.03  0.70546   0.65680   0.47824   0.37126   0.46850   0.75316   0.57767   0.78427   0.76561   0.84585   0.22871   119   135   39    214   0.44452   0.18632   
14    587.17  0.61324   0.71795   0.44850   0.36256   0.68898   0.73222   0.70994   0.78182   0.76661   0.74704   0.20115   175   79    64    189   0.53768   0.26241   
15    595.73  0.57950   0.70809   0.44213   0.36740   0.80315   0.67550   0.73381   0.77889   0.76875   0.61265   0.19548   204   50    98    155   0.61970   0.35445   
16    599.64  0.59110   0.71598   0.44387   0.35718   0.78346   0.69097   0.73432   0.78124   0.76848   0.64822   0.19702   199   55    89    164   0.60692   0.32114   
17    614.60  0.61569   0.71203   0.44901   0.35714   0.71260   0.71260   0.71260   0.78407   0.77003   0.71146   0.20161   181   73    73    180   0.55655   0.27048   
18    634.85  0.64988   0.70414   0.45560   0.35281   0.66535   0.72222   0.69262   0.78396   0.77113   0.74308   0.20757   169   85    65    188   0.54318   0.24838   
19    644.67  0.69397   0.69625   0.46396   0.35061   0.63386   0.72523   0.67647   0.78121   0.76849   0.75889   0.21525   161   93    61    192   0.53279   0.23355   
20    648.54  0.72463   0.70020   0.46823   0.34302   0.65354   0.72174   0.68595   0.77937   0.76349   0.74704   0.21924   166   88    64    189   0.55558   0.24123   
21    652.39  0.77750   0.69428   0.47740   0.33661   0.65354   0.71245   0.68172   0.77477   0.75397   0.73518   0.22791   166   88    67    186   0.57589   0.24876   
Early stopping triggered at epoch 21!

Fold: 2
Epoch Time    LL        Acc       RMSE      MAE       Recall    Prec      F1        AUC       AUPRC     Spec      Brier     TP    FN    FP    TN    PosAvg    NegAvg    
1     686.85  0.72511   0.50099   0.51524   0.49943   0.00000   0.00000   0.00000   0.63779   0.66870   1.00000   0.26547   0     253   0     254   0.37366   0.37301   
AUC improved at epoch  1 ;	best_auc: 0.6377874949425788
2     713.08  0.73148   0.50099   0.51811   0.49752   0.00000   0.00000   0.00000   0.70083   0.69315   1.00000   0.26844   0     253   0     254   0.35773   0.35334   
AUC improved at epoch  2 ;	best_auc: 0.7008340854626374
3     717.08  0.67341   0.59961   0.49021   0.45918   0.22925   0.87879   0.36364   0.74567   0.74803   0.96850   0.24030   58    195   8     246   0.39430   0.31323   
AUC improved at epoch  3 ;	best_auc: 0.7456661790793938
4     758.48  0.63343   0.64300   0.46905   0.41252   0.39526   0.78125   0.52493   0.77281   0.76727   0.88976   0.22001   100   153   28    226   0.44316   0.26876   
AUC improved at epoch  4 ;	best_auc: 0.7728050792069965
5     785.46  0.61624   0.65878   0.45989   0.39200   0.44664   0.77397   0.56642   0.79394   0.77968   0.87008   0.21150   113   140   33    221   0.45934   0.24392   
AUC improved at epoch  5 ;	best_auc: 0.7939373190999347
6     793.64  0.59609   0.68245   0.44881   0.37347   0.52569   0.76437   0.62295   0.80343   0.78428   0.83858   0.20143   133   120   41    213   0.49324   0.24070   
AUC improved at epoch  6 ;	best_auc: 0.8034297096262177
7     800.97  0.59774   0.68639   0.44851   0.36834   0.53755   0.76404   0.63109   0.80346   0.78394   0.83465   0.20116   136   117   42    212   0.49714   0.23435   
AUC improved at epoch  7 ;	best_auc: 0.8034608322181072
8     830.86  0.72150   0.62722   0.49786   0.39145   0.30435   0.85556   0.44898   0.80970   0.78835   0.94882   0.24786   77    176   13    241   0.36737   0.15123   
AUC improved at epoch  8 ;	best_auc: 0.8097009118919424
9     834.84  0.65548   0.67456   0.46963   0.36985   0.45455   0.80986   0.58228   0.80927   0.78947   0.89370   0.22055   115   138   27    227   0.44141   0.18185   
10    853.14  0.64152   0.67850   0.46100   0.35899   0.50198   0.77439   0.60911   0.80835   0.78583   0.85433   0.21252   127   126   37    217   0.47393   0.19257   
11    863.25  0.63039   0.68245   0.45449   0.35247   0.52964   0.76136   0.62471   0.80556   0.78178   0.83465   0.20656   134   119   42    212   0.50070   0.20622   
12    881.19  0.63148   0.68442   0.45276   0.34960   0.55336   0.74866   0.63636   0.80382   0.77998   0.81496   0.20499   140   113   47    207   0.51198   0.21172   
13    885.66  0.62617   0.69822   0.44832   0.34593   0.58498   0.75510   0.65924   0.80323   0.77810   0.81102   0.20099   148   105   48    206   0.52806   0.22041   
14    889.72  0.62707   0.70217   0.44686   0.34448   0.61265   0.74519   0.67245   0.80226   0.78137   0.79134   0.19968   155   98    53    201   0.53563   0.22507   
15    898.57  0.67823   0.70020   0.46028   0.34798   0.56917   0.77005   0.65455   0.80158   0.78454   0.83071   0.21185   144   109   43    211   0.50150   0.19806   
16    902.06  0.92400   0.62722   0.53273   0.39595   0.29249   0.88095   0.43917   0.80514   0.79068   0.96063   0.28381   74    179   10    244   0.30242   0.09551   
17    905.63  0.65601   0.67850   0.46337   0.37492   0.49012   0.78481   0.60341   0.80275   0.78275   0.86614   0.21471   124   129   34    220   0.44323   0.19380   
18    909.18  0.65129   0.68245   0.46266   0.38157   0.48617   0.79870   0.60442   0.80001   0.78363   0.87795   0.21405   123   130   31    223   0.44208   0.20592   
19    912.93  0.68972   0.67061   0.47334   0.38503   0.42688   0.83077   0.56397   0.80049   0.78446   0.91339   0.22405   108   145   22    232   0.41323   0.18410   
20    916.37  0.74332   0.61341   0.48746   0.38888   0.28854   0.82022   0.42690   0.80155   0.78365   0.93701   0.23762   73    180   16    238   0.37953   0.15821   
21    919.87  0.77702   0.59763   0.49893   0.39641   0.22925   0.86567   0.36250   0.79688   0.77752   0.96457   0.24893   58    195   9     245   0.35596   0.14976   
22    923.79  0.85268   0.55227   0.52393   0.41076   0.12648   0.84211   0.21993   0.79156   0.77078   0.97638   0.27450   32    221   6     248   0.30426   0.12691   
23    927.56  0.90591   0.53452   0.54183   0.42189   0.07905   0.86957   0.14493   0.78698   0.76026   0.98819   0.29358   20    233   3     251   0.26968   0.11467   
24    931.29  0.87558   0.54043   0.53897   0.42528   0.10277   0.81250   0.18246   0.77361   0.73663   0.97638   0.29049   26    227   6     248   0.27942   0.13114   
25    936.08  0.68272   0.59172   0.48337   0.41499   0.37549   0.65972   0.47859   0.71730   0.67106   0.80709   0.23364   95    158   49    205   0.46668   0.29713   
Early stopping triggered at epoch 25!

Fold: 3
Epoch Time    LL        Acc       RMSE      MAE       Recall    Prec      F1        AUC       AUPRC     Spec      Brier     TP    FN    FP    TN    PosAvg    NegAvg    
1     948.07  0.72761   0.50099   0.51637   0.49936   0.00000   0.00000   0.00000   0.68826   0.67201   1.00000   0.26664   0     253   0     254   0.36894   0.36818   
AUC improved at epoch  1 ;	best_auc: 0.6882605583392984
2     951.85  0.73352   0.50099   0.51902   0.49733   0.00000   0.00000   0.00000   0.73568   0.72128   1.00000   0.26938   0     253   0     254   0.35401   0.34926   
AUC improved at epoch  2 ;	best_auc: 0.7356758270828795
3     955.29  0.66813   0.56016   0.48826   0.45633   0.14229   0.85714   0.24407   0.77943   0.76711   0.97638   0.23840   36    217   6     248   0.38864   0.30191   
AUC improved at epoch  3 ;	best_auc: 0.7794341912794497
4     958.85  0.57089   0.73767   0.43923   0.39663   0.56522   0.86145   0.68258   0.80495   0.77677   0.90945   0.19292   143   110   23    231   0.51052   0.30415   
AUC improved at epoch  4 ;	best_auc: 0.8049547166288009
5     962.17  0.65742   0.63708   0.48050   0.39524   0.32016   0.87097   0.46821   0.82750   0.78517   0.95276   0.23088   81    172   12    242   0.38844   0.17978   
AUC improved at epoch  5 ;	best_auc: 0.8275030344527091
6     965.78  0.58059   0.70611   0.44593   0.36474   0.50198   0.84667   0.63027   0.83821   0.78813   0.90945   0.19885   127   126   23    231   0.47260   0.20272   
AUC improved at epoch  6 ;	best_auc: 0.8382092060626809
7     969.77  0.57085   0.71795   0.44102   0.35420   0.52964   0.84810   0.65207   0.83992   0.78690   0.90551   0.19450   134   119   24    230   0.48972   0.19875   
AUC improved at epoch  7 ;	best_auc: 0.8399209486166008
8     973.30  0.70552   0.61933   0.49762   0.38799   0.28854   0.84884   0.43068   0.84364   0.79479   0.94882   0.24763   73    180   13    241   0.35707   0.13406   
AUC improved at epoch  8 ;	best_auc: 0.8436400983473904
9     976.87  0.71367   0.63314   0.49764   0.38123   0.31621   0.86022   0.46243   0.84299   0.79196   0.94882   0.24764   80    173   13    241   0.36267   0.12615   
10    980.79  0.72003   0.63708   0.49676   0.37596   0.32806   0.85567   0.47429   0.84107   0.79075   0.94488   0.24677   83    170   14    240   0.36936   0.12229   
11    984.71  0.72721   0.65089   0.49498   0.37009   0.36364   0.85185   0.50970   0.83707   0.78741   0.93701   0.24500   92    161   16    238   0.37927   0.12043   
12    988.96  0.72333   0.66667   0.48980   0.36385   0.39526   0.86207   0.54201   0.83304   0.78346   0.93701   0.23990   100   153   16    238   0.39513   0.12378   
13    993.48  0.74757   0.66864   0.49318   0.36290   0.40316   0.85714   0.54839   0.82976   0.78089   0.93307   0.24323   102   151   17    237   0.39316   0.11993   
14    997.38  0.76457   0.66667   0.49419   0.36162   0.40711   0.84426   0.54933   0.82685   0.78265   0.92520   0.24422   103   150   19    235   0.39418   0.11838   
15    1001.26 0.75089   0.68245   0.48722   0.35703   0.44664   0.84328   0.58398   0.82382   0.78189   0.91732   0.23738   113   140   21    233   0.41092   0.12590   
16    1005.19 0.78172   0.67653   0.49251   0.35913   0.43083   0.84496   0.57068   0.82394   0.78765   0.92126   0.24257   109   144   20    234   0.39911   0.11832   
17    1009.49 1.15600   0.57988   0.57312   0.41024   0.20553   0.81250   0.32808   0.82091   0.79140   0.95276   0.32846   52    201   12    242   0.23681   0.05868   
18    1013.33 0.82175   0.50296   0.54558   0.43400   0.00395   1.00000   0.00787   0.80047   0.75602   1.00000   0.29766   1     252   0     254   0.25344   0.12268   
19    1017.05 0.62888   0.69625   0.46546   0.38516   0.50198   0.81935   0.62255   0.81121   0.79894   0.88976   0.21665   127   126   28    226   0.42975   0.20079   
20    1020.60 0.56101   0.72584   0.43898   0.37948   0.68379   0.74569   0.71340   0.80245   0.77875   0.76772   0.19270   173   80    59    195   0.51171   0.27110   
21    1024.46 0.54034   0.72781   0.42835   0.36342   0.75889   0.71375   0.73563   0.80674   0.78532   0.69685   0.18348   192   61    77    177   0.56099   0.28813   
22    1028.46 0.54496   0.73373   0.42712   0.35260   0.77075   0.71691   0.74286   0.80793   0.78643   0.69685   0.18243   195   58    77    177   0.57778   0.28324   
23    1032.25 0.54925   0.73767   0.42572   0.33694   0.81028   0.70690   0.75506   0.81147   0.78347   0.66535   0.18124   205   48    85    169   0.61765   0.29171   
24    1036.09 0.57252   0.74359   0.43150   0.33078   0.79842   0.71886   0.75655   0.80955   0.77701   0.68898   0.18620   202   51    79    175   0.62126   0.28302   
25    1039.97 0.68696   0.73570   0.44977   0.31611   0.70356   0.75105   0.72653   0.81572   0.79559   0.76772   0.20229   178   75    59    195   0.58510   0.21772   
Early stopping triggered at epoch 25!

Fold: 4
Epoch Time    LL        Acc       RMSE      MAE       Recall    Prec      F1        AUC       AUPRC     Spec      Brier     TP    FN    FP    TN    PosAvg    NegAvg    
1     1047.88 0.72188   0.50000   0.51377   0.49973   0.00000   0.00000   0.00000   0.62059   0.59359   1.00000   0.26396   0     253   0     253   0.38099   0.38046   
AUC improved at epoch  1 ;	best_auc: 0.6205924166914027
2     1052.08 0.71851   0.50000   0.51222   0.49829   0.00000   0.00000   0.00000   0.74310   0.71016   1.00000   0.26237   0     253   0     253   0.38315   0.37974   
AUC improved at epoch  2 ;	best_auc: 0.7430986267556126
3     1055.85 0.70936   0.52569   0.50798   0.46939   0.06719   0.80952   0.12409   0.74941   0.71419   0.98419   0.25804   17    236   4     249   0.35043   0.28921   
AUC improved at epoch  3 ;	best_auc: 0.7494102391851146
4     1059.59 0.66650   0.61660   0.48719   0.41524   0.33597   0.76577   0.46703   0.77575   0.72405   0.89723   0.23735   85    168   26    227   0.40915   0.23963   
AUC improved at epoch  4 ;	best_auc: 0.7757502851161555
5     1063.13 0.59416   0.66601   0.45479   0.38062   0.47431   0.76923   0.58680   0.80276   0.74203   0.85771   0.20684   120   133   36    217   0.49519   0.25644   
AUC improved at epoch  5 ;	best_auc: 0.8027621115780593
6     1066.77 0.81279   0.59881   0.53318   0.41269   0.26482   0.79762   0.39763   0.80409   0.74020   0.93281   0.28428   67    186   17    236   0.31323   0.13860   
AUC improved at epoch  6 ;	best_auc: 0.8040900498367417
7     1070.30 0.81502   0.61067   0.52843   0.39987   0.30435   0.78571   0.43875   0.80625   0.74380   0.91700   0.27923   77    176   21    232   0.33394   0.13368   
AUC improved at epoch  7 ;	best_auc: 0.8062459966567201
8     1073.72 0.80624   0.62648   0.52248   0.39108   0.34387   0.79091   0.47934   0.80625   0.74454   0.90909   0.27299   87    166   23    230   0.35531   0.13748   
9     1077.48 0.74034   0.65020   0.50120   0.37502   0.42688   0.77143   0.54962   0.80382   0.74056   0.87352   0.25120   108   145   32    221   0.41269   0.16273   
10    1081.31 0.77286   0.65020   0.50791   0.37556   0.42688   0.77143   0.54962   0.80087   0.73200   0.87352   0.25797   108   145   32    221   0.40681   0.15793   
11    1085.71 0.79010   0.64032   0.50977   0.37367   0.42688   0.74483   0.54271   0.79889   0.72862   0.85375   0.25987   108   145   37    216   0.41109   0.15844   
12    1090.06 0.81528   0.64822   0.51357   0.37392   0.43874   0.75510   0.55500   0.79664   0.72569   0.85771   0.26376   111   142   36    217   0.40942   0.15725   
13    1096.18 0.73313   0.65415   0.49108   0.35925   0.48221   0.73494   0.58234   0.79626   0.72351   0.82609   0.24116   122   131   44    209   0.46669   0.18519   
14    1100.39 0.67490   0.66996   0.47637   0.36019   0.52569   0.73889   0.61432   0.79611   0.71801   0.81423   0.22693   133   120   47    206   0.47751   0.19789   
15    1104.18 0.69096   0.66798   0.47753   0.35430   0.52569   0.73481   0.61290   0.79662   0.72238   0.81028   0.22803   133   120   48    205   0.48750   0.19611   
16    1107.94 0.74846   0.66403   0.48886   0.35671   0.51383   0.73446   0.60465   0.79253   0.72008   0.81423   0.23898   130   123   47    206   0.47323   0.18666   
17    1111.82 0.78403   0.66798   0.49261   0.35596   0.51779   0.74011   0.60930   0.79042   0.71858   0.81818   0.24267   131   122   46    207   0.47106   0.18299   
18    1117.27 0.80921   0.66996   0.49176   0.35232   0.53360   0.73370   0.61785   0.78890   0.71730   0.80632   0.24183   135   118   49    204   0.47959   0.18423   
19    1123.36 0.81802   0.68972   0.48671   0.34562   0.57708   0.74490   0.65033   0.78690   0.71384   0.80237   0.23689   146   107   50    203   0.50150   0.19274   
20    1129.09 0.86544   0.68972   0.49022   0.34285   0.58893   0.73762   0.65495   0.78633   0.71232   0.79051   0.24032   149   104   53    200   0.50828   0.19398   
21    1134.95 0.71565   0.73320   0.45378   0.31111   0.74308   0.72868   0.73581   0.78892   0.71737   0.72332   0.20592   188   65    70    183   0.63399   0.25620   
22    1140.69 0.73519   0.69960   0.46955   0.34448   0.65613   0.71861   0.68595   0.78009   0.72366   0.74308   0.22047   166   87    65    188   0.53333   0.22228   
23    1146.76 0.98398   0.66206   0.51183   0.36052   0.51383   0.73034   0.60325   0.77906   0.72007   0.81028   0.26197   130   123   48    205   0.44756   0.16860   
24    1150.89 1.10213   0.60672   0.54235   0.39055   0.31225   0.75962   0.44258   0.78569   0.72349   0.90119   0.29415   79    174   25    228   0.33940   0.12050   
Early stopping triggered at epoch 24!

Fold: 5
Epoch Time    LL        Acc       RMSE      MAE       Recall    Prec      F1        AUC       AUPRC     Spec      Brier     TP    FN    FP    TN    PosAvg    NegAvg    
1     1159.12 0.71947   0.50000   0.51266   0.49976   0.00000   0.00000   0.00000   0.62162   0.57911   1.00000   0.26282   0     253   0     253   0.38596   0.38547   
AUC improved at epoch  1 ;	best_auc: 0.6216157102907403
2     1165.04 0.71720   0.50000   0.51161   0.49817   0.00000   0.00000   0.00000   0.76513   0.77322   1.00000   0.26175   0     253   0     253   0.38539   0.38173   
AUC improved at epoch  2 ;	best_auc: 0.7651267790466967
3     1170.91 0.68505   0.53360   0.49653   0.46704   0.07115   0.94737   0.13235   0.79548   0.80446   0.99605   0.24654   18    235   1     252   0.37466   0.30874   
AUC improved at epoch  3 ;	best_auc: 0.7954818853598713
4     1176.75 0.59723   0.70158   0.44895   0.38436   0.48221   0.85915   0.61772   0.80439   0.81605   0.92095   0.20155   122   131   20    233   0.47406   0.24279   
AUC improved at epoch  4 ;	best_auc: 0.8043868830945649
5     1182.97 0.54092   0.75296   0.42036   0.35924   0.70751   0.77826   0.74120   0.81620   0.80512   0.79842   0.17670   179   74    51    202   0.58235   0.30082   
AUC improved at epoch  5 ;	best_auc: 0.8161977221953163
6     1189.17 0.61271   0.69763   0.45160   0.36102   0.52174   0.80488   0.63309   0.81590   0.79423   0.87352   0.20394   132   121   32    221   0.47672   0.19877   
7     1209.89 0.72997   0.63241   0.49457   0.38051   0.33992   0.81905   0.48045   0.81289   0.78777   0.92490   0.24460   86    167   19    234   0.38251   0.14352   
8     1237.91 0.67314   0.68775   0.46854   0.35691   0.49407   0.80645   0.61275   0.81106   0.78295   0.88142   0.21953   125   128   30    223   0.45768   0.17150   
9     1246.77 0.65919   0.68775   0.46068   0.34823   0.53755   0.76836   0.63256   0.80787   0.77939   0.83794   0.21223   136   117   41    212   0.49107   0.18754   
10    1259.57 0.64375   0.71146   0.45313   0.33952   0.60870   0.76617   0.67841   0.80465   0.77438   0.81423   0.20532   154   99    47    206   0.52804   0.20707   
11    1263.46 0.66393   0.70751   0.45720   0.33770   0.60474   0.76119   0.67401   0.80150   0.77053   0.81028   0.20903   153   100   48    205   0.53040   0.20580   
12    1266.99 0.70089   0.69960   0.46472   0.33678   0.58498   0.75897   0.66071   0.79806   0.75986   0.81423   0.21597   148   105   47    206   0.52489   0.19846   
13    1278.96 0.71932   0.70158   0.46629   0.33365   0.60079   0.75248   0.66813   0.79461   0.75372   0.80237   0.21743   152   101   50    203   0.53506   0.20236   
14    1304.14 0.73767   0.69960   0.46817   0.33053   0.61660   0.73934   0.67241   0.79190   0.74273   0.78261   0.21918   156   97    55    198   0.54746   0.20851   
15    1339.68 0.76638   0.70158   0.47270   0.32970   0.62055   0.74057   0.67527   0.78881   0.73983   0.78261   0.22344   157   96    55    198   0.54929   0.20869   
16    1363.90 0.90834   0.67391   0.50398   0.35334   0.52569   0.74719   0.61717   0.78603   0.73420   0.82213   0.25399   133   120   45    208   0.45865   0.16533   
17    1392.88 0.75248   0.69960   0.47400   0.33660   0.62055   0.73709   0.67382   0.78605   0.72845   0.77866   0.22468   157   96    56    197   0.53381   0.20702   
18    1399.81 0.76533   0.69960   0.47683   0.33831   0.60870   0.74396   0.66957   0.79033   0.74213   0.79051   0.22737   154   99    53    200   0.52096   0.19757   
19    1403.28 0.79720   0.70158   0.47449   0.32791   0.62055   0.74057   0.67527   0.78972   0.74319   0.78261   0.22514   157   96    55    198   0.54965   0.20547   
20    1425.75 0.79083   0.69565   0.47471   0.33707   0.64032   0.72000   0.67782   0.78848   0.75137   0.75099   0.22535   162   91    63    190   0.53553   0.20968   
21    1448.12 0.84566   0.69960   0.47625   0.32504   0.63636   0.72851   0.67932   0.78933   0.75281   0.76285   0.22681   161   92    60    193   0.56375   0.21382   
22    1487.83 0.91030   0.69960   0.48019   0.31470   0.64822   0.72247   0.68333   0.78908   0.75093   0.75099   0.23058   164   89    63    190   0.59891   0.22832   
23    1531.27 1.04002   0.71937   0.48313   0.29415   0.69170   0.73222   0.71138   0.78897   0.75362   0.74704   0.23341   175   78    64    189   0.66242   0.25073   
Early stopping triggered at epoch 23!

Fold: 6
Epoch Time    LL        Acc       RMSE      MAE       Recall    Prec      F1        AUC       AUPRC     Spec      Brier     TP    FN    FP    TN    PosAvg    NegAvg    
1     1630.05 0.71939   0.50000   0.51262   0.49965   0.00000   0.00000   0.00000   0.67298   0.64930   1.00000   0.26278   0     253   0     253   0.38577   0.38507   
AUC improved at epoch  1 ;	best_auc: 0.6729834866971833
2     1669.56 0.71765   0.50000   0.51182   0.49823   0.00000   0.00000   0.00000   0.78559   0.78442   1.00000   0.26196   0     253   0     253   0.38466   0.38112   
AUC improved at epoch  2 ;	best_auc: 0.7855926510334484
3     1712.70 0.68641   0.50000   0.49732   0.47264   0.00000   0.00000   0.00000   0.80656   0.79940   1.00000   0.24733   0     253   0     253   0.38019   0.32548   
AUC improved at epoch  3 ;	best_auc: 0.8065584527175866
4     1753.80 0.57225   0.71542   0.44011   0.38613   0.51779   0.85621   0.64532   0.81384   0.80031   0.91304   0.19370   131   122   22    231   0.49823   0.27050   
AUC improved at epoch  4 ;	best_auc: 0.8138386789357746
5     1799.75 0.53087   0.74111   0.41943   0.35800   0.58893   0.84659   0.69464   0.83959   0.81449   0.89328   0.17593   149   104   27    226   0.54139   0.25738   
AUC improved at epoch  5 ;	best_auc: 0.8395850583511694
6     1830.35 0.58778   0.70751   0.44640   0.35455   0.48617   0.87234   0.62437   0.84733   0.81486   0.92885   0.19927   123   130   18    235   0.46763   0.17674   
AUC improved at epoch  6 ;	best_auc: 0.8473339686606571
7     1874.61 0.71855   0.63439   0.49665   0.37722   0.30830   0.88636   0.45748   0.84605   0.81421   0.96047   0.24666   78    175   10    243   0.36687   0.12132   
8     1903.04 0.58221   0.72134   0.44005   0.33772   0.54150   0.84568   0.66024   0.84543   0.80712   0.90119   0.19365   137   116   25    228   0.49545   0.17089   
9     1956.26 0.60472   0.71739   0.44745   0.33944   0.52569   0.85256   0.65037   0.84315   0.80639   0.90909   0.20021   133   120   23    230   0.48053   0.15941   
10    1993.13 0.57028   0.73715   0.43134   0.32719   0.60079   0.82609   0.69565   0.84096   0.80183   0.87352   0.18606   152   101   32    221   0.52708   0.18146   
11    2028.66 0.59320   0.73715   0.43741   0.32495   0.59289   0.83333   0.69284   0.83876   0.79796   0.88142   0.19133   150   103   30    223   0.52000   0.16989   
12    2096.15 0.60022   0.74506   0.43721   0.32183   0.60870   0.83696   0.70481   0.83660   0.79517   0.88142   0.19115   154   99    30    223   0.52680   0.17046   
13    2140.10 0.60116   0.75296   0.43480   0.31754   0.64032   0.82653   0.72160   0.83405   0.79563   0.86561   0.18905   162   91    34    219   0.54188   0.17695   
14    2208.88 0.61637   0.74704   0.43711   0.31524   0.64427   0.81095   0.71806   0.83046   0.79377   0.84980   0.19107   163   90    38    215   0.54797   0.17844   
15    2257.81 0.61256   0.74506   0.43402   0.31108   0.66798   0.78972   0.72377   0.82748   0.79804   0.82213   0.18837   169   84    45    208   0.57365   0.19581   
16    2333.24 0.60320   0.75296   0.43137   0.30692   0.71937   0.77119   0.74438   0.82317   0.79749   0.78656   0.18608   182   71    54    199   0.60912   0.22296   
17    2373.97 0.74094   0.72925   0.46346   0.32168   0.57708   0.82955   0.68065   0.83285   0.80757   0.88142   0.21480   146   107   30    223   0.48873   0.13210   
18    2400.38 0.88871   0.66403   0.50844   0.35955   0.41107   0.83200   0.55026   0.82866   0.79217   0.91700   0.25851   104   149   21    232   0.37916   0.09826   
19    2429.30 0.59480   0.75494   0.43084   0.30403   0.67984   0.80000   0.73504   0.82959   0.79789   0.83004   0.18563   172   81    43    210   0.59148   0.19953   
20    2484.22 0.63729   0.75099   0.43633   0.29714   0.67984   0.79263   0.73191   0.82637   0.79941   0.82213   0.19038   172   81    45    208   0.59915   0.19342   
21    2512.85 0.68247   0.74704   0.44085   0.29318   0.67589   0.78802   0.72766   0.82685   0.80147   0.81818   0.19435   171   82    46    207   0.59877   0.18513   
Early stopping triggered at epoch 21!

Fold: 7
Epoch Time    LL        Acc       RMSE      MAE       Recall    Prec      F1        AUC       AUPRC     Spec      Brier     TP    FN    FP    TN    PosAvg    NegAvg    
1     2589.21 0.72180   0.50000   0.51374   0.49979   0.00000   0.00000   0.00000   0.59212   0.57513   1.00000   0.26392   0     253   0     253   0.38133   0.38091   
AUC improved at epoch  1 ;	best_auc: 0.5921198581449484
2     2660.56 0.71626   0.50000   0.51117   0.49840   0.00000   0.00000   0.00000   0.73073   0.74787   1.00000   0.26130   0     253   0     253   0.38812   0.38492   
AUC improved at epoch  2 ;	best_auc: 0.7307253667453015
3     2688.25 0.69406   0.53162   0.50049   0.47459   0.06324   1.00000   0.11896   0.73738   0.75072   1.00000   0.25049   16    237   0     253   0.37785   0.32703   
AUC improved at epoch  3 ;	best_auc: 0.7373806808417568
4     2691.90 0.63094   0.63834   0.46846   0.40825   0.43083   0.73649   0.54364   0.75343   0.75357   0.84585   0.21945   109   144   39    214   0.47569   0.29219   
AUC improved at epoch  4 ;	best_auc: 0.7534252995672484
5     2761.51 0.57915   0.70356   0.44311   0.37809   0.58893   0.76410   0.66518   0.78439   0.76739   0.81818   0.19635   149   104   46    207   0.54701   0.30318   
AUC improved at epoch  5 ;	best_auc: 0.7843896951991126
6     2775.57 0.59055   0.70751   0.44663   0.36656   0.58893   0.77202   0.66816   0.78990   0.76816   0.82609   0.19948   149   104   44    209   0.53446   0.26759   
AUC improved at epoch  6 ;	best_auc: 0.7899045446734054
7     2780.30 0.77372   0.61858   0.51206   0.39423   0.32806   0.78302   0.46240   0.78542   0.75994   0.90909   0.26221   83    170   23    230   0.36370   0.15217   
8     2809.09 0.73866   0.63834   0.50061   0.38731   0.38340   0.78226   0.51459   0.78650   0.75803   0.89328   0.25061   97    156   27    226   0.39187   0.16649   
9     2812.84 0.64343   0.68972   0.46608   0.36698   0.52569   0.78235   0.62884   0.78936   0.75600   0.85375   0.21723   133   120   37    216   0.48282   0.21677   
10    2816.46 0.67374   0.66601   0.47473   0.36600   0.47826   0.76582   0.58881   0.79181   0.75519   0.85375   0.22537   121   132   37    216   0.46403   0.19603   
AUC improved at epoch  10 ;	best_auc: 0.7918105266446906
11    2830.59 0.67643   0.67194   0.47326   0.36092   0.49407   0.76687   0.60096   0.79228   0.75368   0.84980   0.22397   125   128   38    215   0.47225   0.19410   
AUC improved at epoch  11 ;	best_auc: 0.7922792107359904
12    2867.98 0.66493   0.68972   0.46652   0.35266   0.53360   0.77586   0.63232   0.79329   0.75295   0.84585   0.21764   135   118   39    214   0.49494   0.20025   
AUC improved at epoch  12 ;	best_auc: 0.7932946929338063
13    2904.53 0.66773   0.70356   0.46433   0.34562   0.56126   0.78453   0.65438   0.79593   0.75516   0.84585   0.21560   142   111   39    214   0.50634   0.19758   
AUC improved at epoch  13 ;	best_auc: 0.7959349466481276
14    2933.57 0.68129   0.70356   0.46564   0.34087   0.56126   0.78453   0.65438   0.79697   0.75727   0.84585   0.21682   142   111   39    214   0.51134   0.19307   
AUC improved at epoch  14 ;	best_auc: 0.7969660516489868
15    2957.67 0.71715   0.69763   0.47283   0.33892   0.55336   0.77778   0.64665   0.79792   0.76070   0.84190   0.22357   140   113   40    213   0.50352   0.18136   
AUC improved at epoch  15 ;	best_auc: 0.7979190426346296
16    2988.25 0.72792   0.70356   0.47187   0.33191   0.57708   0.77249   0.66063   0.79862   0.76473   0.83004   0.22266   146   107   43    210   0.51972   0.18353   
AUC improved at epoch  16 ;	best_auc: 0.798622068771579
17    3032.37 0.74237   0.71146   0.47129   0.32528   0.58893   0.78010   0.67117   0.79920   0.77152   0.83399   0.22211   149   104   42    211   0.53797   0.18854   
AUC improved at epoch  17 ;	best_auc: 0.7992001124841819
18    3083.20 0.78110   0.70158   0.47584   0.32078   0.57708   0.76842   0.65914   0.79872   0.77253   0.82609   0.22642   146   107   44    209   0.54521   0.18677   
19    3121.96 0.82099   0.69763   0.48092   0.31802   0.56917   0.76596   0.65306   0.79856   0.76949   0.82609   0.23128   144   109   44    209   0.54739   0.18342   
20    3158.12 0.88839   0.68182   0.49577   0.32874   0.52964   0.76136   0.62471   0.79526   0.76710   0.83399   0.24579   134   119   42    211   0.51315   0.17063   
21    3202.63 0.74907   0.70949   0.47334   0.31656   0.62451   0.75238   0.68251   0.79003   0.74745   0.79447   0.22405   158   95    52    201   0.59345   0.22656   
22    3235.08 0.95732   0.67787   0.50999   0.33491   0.52569   0.75568   0.62005   0.79442   0.75156   0.83004   0.26009   133   120   43    210   0.50565   0.17547   
Early stopping triggered at epoch 22!

Fold: 8
Epoch Time    LL        Acc       RMSE      MAE       Recall    Prec      F1        AUC       AUPRC     Spec      Brier     TP    FN    FP    TN    PosAvg    NegAvg    
1     3304.83 0.71870   0.50000   0.51230   0.49966   0.00000   0.00000   0.00000   0.62168   0.61027   1.00000   0.26245   0     253   0     253   0.38726   0.38659   
AUC improved at epoch  1 ;	best_auc: 0.6216782015029136
2     3354.26 0.71590   0.50000   0.51100   0.49795   0.00000   0.00000   0.00000   0.76467   0.75797   1.00000   0.26113   0     253   0     253   0.38737   0.38327   
AUC improved at epoch  2 ;	best_auc: 0.7646737177584401
3     3390.34 0.68567   0.54545   0.49671   0.46670   0.11067   0.84848   0.19580   0.75396   0.75696   0.98024   0.24672   28    225   5     248   0.37793   0.31132   
4     3444.13 0.61586   0.66206   0.46209   0.39956   0.44269   0.78873   0.56709   0.78351   0.76909   0.88142   0.21353   112   141   30    223   0.46201   0.26113   
AUC improved at epoch  4 ;	best_auc: 0.7835148182286866
5     3454.07 0.55136   0.72925   0.43085   0.36813   0.59684   0.81183   0.68793   0.81023   0.79142   0.86166   0.18563   151   102   35    218   0.54593   0.28219   
AUC improved at epoch  5 ;	best_auc: 0.8102298114327673
6     3459.12 0.53151   0.74308   0.42117   0.35168   0.67589   0.78082   0.72458   0.81804   0.79439   0.81028   0.17739   171   82    48    205   0.58676   0.29012   
AUC improved at epoch  6 ;	best_auc: 0.8180412129544283
7     3466.97 0.82088   0.58696   0.52826   0.40000   0.21739   0.83333   0.34483   0.81515   0.78916   0.95652   0.27906   55    198   11    242   0.31180   0.11181   
8     3471.48 0.53974   0.73715   0.42536   0.35790   0.67589   0.77027   0.72000   0.81640   0.78706   0.79842   0.18093   171   82    51    202   0.56527   0.28107   
9     3476.90 0.54568   0.72925   0.42732   0.34969   0.66798   0.76126   0.71158   0.81571   0.78546   0.79051   0.18260   169   84    53    200   0.56456   0.26394   
10    3481.14 0.54040   0.74506   0.42404   0.34519   0.72727   0.75410   0.74044   0.81271   0.78166   0.76285   0.17981   184   69    60    193   0.59112   0.28150   
11    3485.48 0.54249   0.76087   0.42403   0.34244   0.76285   0.75984   0.76134   0.81056   0.78062   0.75889   0.17980   193   60    61    192   0.60609   0.29097   
12    3500.01 0.55495   0.76087   0.42762   0.33843   0.74704   0.76829   0.75752   0.80886   0.78063   0.77470   0.18286   189   64    57    196   0.59524   0.27210   
13    3508.48 0.57114   0.75296   0.43184   0.33450   0.73123   0.76446   0.74747   0.80684   0.77968   0.77470   0.18649   185   68    57    196   0.58749   0.25649   
14    3520.77 0.60188   0.74506   0.44031   0.33144   0.70356   0.76724   0.73402   0.80445   0.77786   0.78656   0.19387   178   75    54    199   0.57288   0.23575   
15    3551.45 0.69189   0.69368   0.46673   0.34016   0.57312   0.75521   0.65169   0.80336   0.77783   0.81423   0.21783   145   108   47    206   0.51150   0.19181   
16    3571.94 0.84993   0.65810   0.50351   0.35748   0.46245   0.75974   0.57494   0.80147   0.77349   0.85375   0.25353   117   136   37    216   0.43255   0.14752   
17    3606.06 0.99460   0.64032   0.52934   0.37214   0.38340   0.78862   0.51596   0.79995   0.77282   0.89723   0.28020   97    156   26    227   0.37157   0.11584   
18    3637.03 0.80558   0.66798   0.49093   0.34674   0.48221   0.76730   0.59223   0.80457   0.78219   0.85375   0.24102   122   131   37    216   0.46306   0.15655   
19    3671.72 0.75655   0.68577   0.47863   0.33455   0.54150   0.76111   0.63279   0.80537   0.78445   0.83004   0.22909   137   116   43    210   0.50952   0.17862   
20    3691.13 0.84959   0.69170   0.49304   0.33693   0.51383   0.79755   0.62500   0.80659   0.78961   0.86957   0.24308   130   123   33    220   0.47929   0.15316   
21    3721.01 0.99196   0.66798   0.51372   0.34782   0.46245   0.78523   0.58209   0.80179   0.78345   0.87352   0.26391   117   136   32    221   0.43686   0.13249   
Early stopping triggered at epoch 21!

Fold: 9
Epoch Time    LL        Acc       RMSE      MAE       Recall    Prec      F1        AUC       AUPRC     Spec      Brier     TP    FN    FP    TN    PosAvg    NegAvg    
1     3796.18 0.71940   0.50000   0.51263   0.49963   0.00000   0.00000   0.00000   0.64229   0.62403   1.00000   0.26279   0     253   0     253   0.38568   0.38494   
AUC improved at epoch  1 ;	best_auc: 0.6422924901185771
2     3832.97 0.71599   0.50000   0.51105   0.49829   0.00000   0.00000   0.00000   0.73980   0.75859   1.00000   0.26117   0     253   0     253   0.38832   0.38491   
AUC improved at epoch  2 ;	best_auc: 0.7398022153134715
3     3867.89 0.68449   0.52569   0.49607   0.47448   0.05138   1.00000   0.09774   0.77750   0.78185   1.00000   0.24608   13    240   0     253   0.38967   0.33863   
AUC improved at epoch  3 ;	best_auc: 0.7775000390570076
4     3917.08 0.59133   0.68182   0.44904   0.39686   0.47431   0.81081   0.59850   0.80322   0.78873   0.88933   0.20164   120   133   28    225   0.48430   0.27803   
AUC improved at epoch  4 ;	best_auc: 0.8032151728663157
5     3942.30 0.53295   0.75494   0.41731   0.36321   0.69170   0.79186   0.73840   0.82399   0.80671   0.81818   0.17415   175   78    46    207   0.59062   0.31703   
AUC improved at epoch  5 ;	best_auc: 0.8239935009139341
6     3957.19 0.53983   0.73715   0.42105   0.35600   0.65217   0.78571   0.71274   0.82443   0.80330   0.82213   0.17728   165   88    45    208   0.56538   0.27738   
AUC improved at epoch  6 ;	best_auc: 0.824430939399147
7     3975.45 0.82551   0.59289   0.52580   0.39612   0.23715   0.82192   0.36810   0.81415   0.79854   0.94862   0.27646   60    193   13    240   0.32027   0.11250   
8     3982.30 0.59727   0.69960   0.44724   0.36128   0.52174   0.80982   0.63462   0.81674   0.79818   0.87747   0.20003   132   121   31    222   0.49162   0.21418   
9     3989.18 0.52746   0.74901   0.41552   0.35306   0.81818   0.71875   0.76525   0.82020   0.80087   0.67984   0.17266   207   46    81    172   0.65056   0.35668   
10    3996.17 0.53017   0.75099   0.41691   0.34027   0.84190   0.71237   0.77174   0.81626   0.79367   0.66008   0.17381   213   40    86    167   0.67216   0.35270   
11    4003.07 0.53574   0.73913   0.41963   0.33774   0.85375   0.69453   0.76596   0.81240   0.78712   0.62451   0.17609   216   37    95    158   0.70127   0.37675   
12    4008.37 0.54090   0.75099   0.42086   0.32576   0.83004   0.71672   0.76923   0.80878   0.77842   0.67194   0.17712   210   43    83    170   0.67912   0.33064   
13    4012.56 0.55276   0.74506   0.42474   0.32243   0.80237   0.71986   0.75888   0.80529   0.77158   0.68775   0.18041   203   50    79    174   0.66481   0.30967   
14    4021.83 0.56013   0.74704   0.42667   0.32000   0.80632   0.72085   0.76119   0.80267   0.76842   0.68775   0.18204   204   49    79    174   0.66689   0.30688   
15    4026.73 0.56876   0.74704   0.42902   0.31847   0.81028   0.71930   0.76208   0.79950   0.76444   0.68379   0.18406   205   48    80    173   0.67132   0.30826   
16    4034.12 0.58317   0.73518   0.43379   0.32038   0.78261   0.71480   0.74717   0.79578   0.76267   0.68775   0.18817   198   55    79    174   0.66567   0.30643   
17    4041.25 0.60898   0.72925   0.44248   0.32491   0.77075   0.71168   0.74004   0.79090   0.75683   0.68775   0.19579   195   58    79    174   0.65010   0.29992   
18    4048.48 0.69832   0.69565   0.46456   0.33731   0.64032   0.72000   0.67782   0.78672   0.74108   0.75099   0.21581   162   91    63    190   0.55779   0.23240   
19    4055.54 0.72442   0.68972   0.46942   0.33807   0.59684   0.73301   0.65795   0.79906   0.76029   0.78261   0.22036   151   102   55    198   0.52513   0.20127   
20    4061.04 0.57454   0.73715   0.42844   0.32172   0.79447   0.71277   0.75140   0.80212   0.76532   0.67984   0.18356   201   52    81    172   0.64547   0.28891   
21    4064.73 0.69822   0.70553   0.46799   0.34521   0.60870   0.75490   0.67396   0.80007   0.76466   0.80237   0.21901   154   99    50    203   0.50478   0.19521   
22    4068.22 0.93513   0.65613   0.51291   0.36494   0.43874   0.77622   0.56061   0.79684   0.75618   0.87352   0.26308   111   142   32    221   0.40581   0.13569   
23    4071.65 0.86909   0.68182   0.49902   0.35436   0.52964   0.76136   0.62471   0.79000   0.75000   0.83399   0.24902   134   119   42    211   0.46023   0.16895   
Early stopping triggered at epoch 23!
AUC: [0.8112103575985808, 0.8067442656624444, 0.8097009118919424, 0.8436400983473904, 0.8062459966567201, 0.8161977221953163, 0.8473339686606571, 0.7992001124841819, 0.8180412129544283, 0.824430939399147]
Mean AUC: 0.8182745585850808 ( 0.015149281995769797 )
AUPR: [0.7758425333989242, 0.7942626186000487, 0.7883511275842698, 0.7947865489069609, 0.7437981397719293, 0.8051154956660351, 0.8148640515701576, 0.7715202748537289, 0.7943893779051928, 0.803295212652892]
Mean AUPR: 0.788622538091014 ( 0.019349677808879848 )
