Current Date: 2026-01-30
Log file path: Result/C-dataset/AMNTDDA/result_2026-01-30_08-28-43.txt
Parameters: Namespace(k_fold=10, epochs=300, lr=0.0001, weight_decay=0.001, random_seed=1234, neighbor=20, negative_rate=1.0, dataset='C-dataset', gt_layer=2, gt_head=2, gt_out_dim=200, hgt_layer=2, hgt_head=8, hgt_in_dim=64, hgt_head_dim=25, hgt_out_dim=200, tr_layer=2, tr_head=4, n_groups=2, n_group_inner_layers=2, d_feature=400, d_model=400, d_inner=512, n_head=4, d_k=100, d_v=100, input_with_mask=True, param_sharing_strategy='within_group', MIT=True, amdgt_dropout=0.2, saits_dropout=0.1, data_dir='data/C-dataset/', result_dir='Result/C-dataset/AMNTDDA/')
Dataset: C-dataset

Fold: 0
Epoch Time    LL        Acc       RMSE      MAE       Recall    Prec      F1        AUC       AUPRC     Spec      Brier     TP    FN    FP    TN    PosAvg    NegAvg    
1     29.55   0.73422   0.49901   0.51936   0.49993   0.00000   0.00000   0.00000   0.66034   0.68482   1.00000   0.26973   0     254   0     253   0.35963   0.35892   
AUC improved at epoch  1 ;	best_auc: 0.6603358127664871
2     52.07   0.72872   0.49901   0.51689   0.49886   0.00000   0.00000   0.00000   0.70490   0.73700   1.00000   0.26718   0     254   0     253   0.36611   0.36330   
AUC improved at epoch  2 ;	best_auc: 0.7048955837042109
3     84.92   0.72049   0.49901   0.51287   0.48171   0.00000   0.00000   0.00000   0.73549   0.74709   1.00000   0.26303   0     254   0     253   0.34782   0.31058   
AUC improved at epoch  3 ;	best_auc: 0.7354890915315428
4     130.54  0.64001   0.64892   0.47178   0.41314   0.37402   0.83333   0.51630   0.75928   0.76327   0.92490   0.22258   95    159   19    234   0.44454   0.27027   
AUC improved at epoch  4 ;	best_auc: 0.7592823130310293
5     169.06  0.60934   0.65878   0.45752   0.39127   0.42520   0.80000   0.55527   0.78698   0.77743   0.89328   0.20932   108   146   27    226   0.48103   0.26306   
AUC improved at epoch  5 ;	best_auc: 0.7869814198126419
6     196.47  0.60427   0.66864   0.45540   0.38072   0.46063   0.79054   0.58209   0.80435   0.78030   0.87747   0.20739   117   137   31    222   0.48205   0.24295   
AUC improved at epoch  6 ;	best_auc: 0.8043478260869565
7     207.50  0.63543   0.63708   0.47046   0.39887   0.37008   0.79661   0.50538   0.79859   0.77500   0.90514   0.22134   94    160   24    229   0.43553   0.23262   
8     215.65  0.62645   0.65680   0.46507   0.38358   0.43307   0.78571   0.55838   0.80138   0.76703   0.88142   0.21629   110   144   30    223   0.45715   0.22368   
9     228.47  0.75696   0.60750   0.51519   0.40774   0.27559   0.82353   0.41298   0.80049   0.76941   0.94071   0.26542   70    184   15    238   0.34097   0.15546   
10    239.37  0.74126   0.62130   0.50672   0.39679   0.31890   0.81000   0.45763   0.80167   0.76669   0.92490   0.25676   81    173   19    234   0.36492   0.15756   
11    247.47  0.69641   0.62722   0.48736   0.37924   0.38583   0.74809   0.50909   0.80002   0.76447   0.86957   0.23752   98    156   33    220   0.41914   0.17683   
12    255.51  0.68695   0.65089   0.48113   0.36961   0.44488   0.75839   0.56079   0.79889   0.76232   0.85771   0.23148   113   141   36    217   0.44568   0.18417   
13    263.28  0.66075   0.67850   0.47015   0.36103   0.52362   0.76000   0.62005   0.79812   0.75832   0.83399   0.22104   133   121   42    211   0.47737   0.19879   
14    270.06  0.61502   0.69428   0.45241   0.35099   0.59843   0.74146   0.66231   0.79780   0.75688   0.79051   0.20468   152   102   53    200   0.52595   0.22744   
15    277.40  0.55901   0.72189   0.42978   0.34324   0.71260   0.72691   0.71968   0.79896   0.76008   0.73123   0.18471   181   73    68    185   0.59332   0.27956   
16    284.41  0.55802   0.73373   0.42777   0.33254   0.75591   0.72453   0.73988   0.79596   0.75756   0.71146   0.18299   192   62    73    180   0.63327   0.29821   
17    292.36  0.58545   0.72978   0.43648   0.32717   0.71654   0.73684   0.72655   0.79755   0.75974   0.74308   0.19051   182   72    65    188   0.61313   0.26724   
18    300.64  0.62251   0.71598   0.44764   0.32743   0.67323   0.73707   0.70370   0.79840   0.76060   0.75889   0.20038   171   83    61    192   0.58514   0.23966   
19    308.07  0.64881   0.70611   0.45423   0.32782   0.63780   0.73973   0.68499   0.79893   0.75842   0.77470   0.20632   162   92    57    196   0.57136   0.22659   
20    316.45  0.68696   0.69822   0.46336   0.32918   0.61024   0.74163   0.66955   0.79906   0.75865   0.78656   0.21470   155   99    54    199   0.55553   0.21343   
21    324.29  0.72672   0.69428   0.47136   0.32910   0.59843   0.74146   0.66231   0.79938   0.75765   0.79051   0.22218   152   102   53    200   0.54652   0.20423   
22    332.27  0.83122   0.68047   0.49293   0.33785   0.53937   0.75275   0.62844   0.79976   0.76101   0.82213   0.24298   137   117   45    208   0.50316   0.17823   
23    341.08  0.97142   0.65680   0.51390   0.34728   0.47638   0.74691   0.58173   0.80301   0.76650   0.83794   0.26409   121   133   41    212   0.45733   0.15111   
24    349.49  1.03017   0.65089   0.52563   0.36370   0.41732   0.78519   0.54499   0.79873   0.76526   0.88538   0.27629   106   148   29    224   0.40558   0.13208   
25    357.28  0.91102   0.68245   0.50015   0.34097   0.50787   0.78182   0.61575   0.80578   0.77338   0.85771   0.25015   129   125   36    217   0.47354   0.15476   
AUC improved at epoch  25 ;	best_auc: 0.8057794653138713
26    365.14  1.02276   0.67258   0.51524   0.35028   0.47638   0.78571   0.59314   0.79993   0.77275   0.86957   0.26547   121   133   33    220   0.44293   0.14266   
Early stopping triggered at epoch 26!

Fold: 1
Epoch Time    LL        Acc       RMSE      MAE       Recall    Prec      F1        AUC       AUPRC     Spec      Brier     TP    FN    FP    TN    PosAvg    NegAvg    
1     382.38  0.70746   0.49901   0.50701   0.50002   0.00000   0.00000   0.00000   0.60840   0.58099   1.00000   0.25706   0     254   0     253   0.41627   0.41599   
AUC improved at epoch  1 ;	best_auc: 0.6083999875509633
2     392.20  0.72472   0.49901   0.51508   0.49944   0.00000   0.00000   0.00000   0.71745   0.73671   1.00000   0.26531   0     254   0     253   0.37486   0.37324   
AUC improved at epoch  2 ;	best_auc: 0.7174457688836327
3     400.57  0.72296   0.49901   0.51429   0.49286   0.00000   0.00000   0.00000   0.76923   0.77887   1.00000   0.26449   0     254   0     253   0.36129   0.34643   
AUC improved at epoch  3 ;	best_auc: 0.7692259811397093
4     409.33  0.61686   0.66272   0.46144   0.41636   0.42126   0.81679   0.55584   0.77792   0.78126   0.90514   0.21292   107   147   24    229   0.45985   0.29209   
AUC improved at epoch  4 ;	best_auc: 0.7779247455728113
5     420.59  0.59120   0.67850   0.44963   0.39409   0.47244   0.80537   0.59553   0.80500   0.79937   0.88538   0.20217   120   134   29    224   0.48402   0.27171   
AUC improved at epoch  5 ;	best_auc: 0.805001400516635
6     427.67  0.58510   0.69231   0.44670   0.37506   0.51969   0.79518   0.62857   0.81214   0.78594   0.86561   0.19954   132   122   34    219   0.49659   0.24621   
AUC improved at epoch  6 ;	best_auc: 0.8121440353552644
7     435.07  0.64143   0.65286   0.47010   0.37712   0.40945   0.80000   0.54167   0.80874   0.77878   0.89723   0.22100   104   150   26    227   0.44490   0.19845   
8     441.30  0.61589   0.66864   0.46129   0.38475   0.44094   0.81159   0.57143   0.80939   0.77935   0.89723   0.21278   112   142   26    227   0.45467   0.22353   
9     447.62  0.61814   0.66864   0.46095   0.37743   0.47638   0.77564   0.59024   0.80275   0.76813   0.86166   0.21247   121   133   35    218   0.46848   0.22272   
10    453.92  0.70563   0.62919   0.49591   0.39619   0.34252   0.80556   0.48066   0.79791   0.76325   0.91700   0.24593   87    167   21    232   0.38348   0.17498   
11    460.07  0.79529   0.60552   0.52243   0.40373   0.28346   0.80000   0.41860   0.79500   0.76383   0.92885   0.27293   72    182   18    235   0.33247   0.13888   
12    466.21  0.64750   0.67456   0.46916   0.37676   0.47638   0.79085   0.59459   0.79378   0.76598   0.87352   0.22011   121   133   32    221   0.45382   0.20666   
13    472.64  0.60835   0.67850   0.45193   0.36144   0.59055   0.71770   0.64795   0.79112   0.76490   0.76680   0.20424   150   104   59    194   0.52307   0.24548   
14    479.04  0.59591   0.68639   0.44632   0.35647   0.63780   0.70742   0.67081   0.78815   0.76205   0.73518   0.19920   162   92    67    186   0.55539   0.26798   
15    486.59  0.61444   0.67456   0.45205   0.35505   0.61417   0.69955   0.65409   0.78605   0.76167   0.73518   0.20435   156   98    67    186   0.54991   0.25963   
16    495.37  0.60919   0.70414   0.44883   0.35226   0.68898   0.71138   0.70000   0.78494   0.76118   0.71937   0.20145   175   79    71    182   0.56773   0.27193   
17    503.02  0.61349   0.70414   0.44888   0.34999   0.70866   0.70312   0.70588   0.78552   0.76326   0.69960   0.20150   180   74    76    177   0.57681   0.27651   
18    512.02  0.60595   0.71006   0.44503   0.34686   0.73228   0.70189   0.71676   0.78648   0.76812   0.68775   0.19805   186   68    79    174   0.60016   0.29368   
19    519.54  0.60343   0.71400   0.44349   0.34215   0.77953   0.68990   0.73198   0.78711   0.77058   0.64822   0.19668   198   56    89    164   0.63621   0.32043   
20    527.52  0.60240   0.71400   0.44519   0.34195   0.83465   0.67302   0.74517   0.78276   0.76861   0.59289   0.19819   212   42    103   150   0.68169   0.36568   
21    536.07  0.68941   0.70809   0.46324   0.35541   0.59843   0.76768   0.67257   0.79646   0.78774   0.81818   0.21459   152   102   46    207   0.48346   0.19364   
Early stopping triggered at epoch 21!

Fold: 2
Epoch Time    LL        Acc       RMSE      MAE       Recall    Prec      F1        AUC       AUPRC     Spec      Brier     TP    FN    FP    TN    PosAvg    NegAvg    
1     571.27  0.70966   0.50099   0.50805   0.49963   0.00000   0.00000   0.00000   0.63363   0.61676   1.00000   0.25812   0     253   0     254   0.40806   0.40768   
AUC improved at epoch  1 ;	best_auc: 0.6336326289253369
2     578.82  0.72314   0.50099   0.51434   0.49876   0.00000   0.00000   0.00000   0.74378   0.75775   1.00000   0.26455   0     253   0     254   0.37536   0.37337   
AUC improved at epoch  2 ;	best_auc: 0.7437832622700818
3     586.91  0.72280   0.50099   0.51411   0.48657   0.00000   0.00000   0.00000   0.74280   0.75357   1.00000   0.26431   0     253   0     254   0.34975   0.32354   
4     594.96  0.66149   0.63314   0.48194   0.42279   0.34783   0.80734   0.48619   0.75242   0.75025   0.91732   0.23227   88    165   21    233   0.41273   0.25896   
AUC improved at epoch  4 ;	best_auc: 0.7524197815194049
5     605.74  0.64388   0.64300   0.47293   0.40252   0.37154   0.81034   0.50949   0.78339   0.77932   0.91339   0.22366   94    159   22    232   0.42985   0.23556   
AUC improved at epoch  5 ;	best_auc: 0.7833867604494102
6     612.98  0.58200   0.69034   0.44286   0.37613   0.50593   0.80000   0.61985   0.80685   0.79756   0.87402   0.19612   128   125   32    222   0.50244   0.25518   
AUC improved at epoch  6 ;	best_auc: 0.8068531947340576
7     621.22  0.61764   0.67258   0.45592   0.36959   0.46245   0.79592   0.58500   0.80561   0.79621   0.88189   0.20786   117   136   30    224   0.47214   0.21194   
8     633.89  0.56801   0.73176   0.43332   0.36051   0.62846   0.79104   0.70044   0.81023   0.79841   0.83465   0.18776   159   94    42    212   0.53887   0.26029   
AUC improved at epoch  8 ;	best_auc: 0.8102299959540631
9     641.90  0.59491   0.69625   0.44661   0.36829   0.52569   0.79641   0.63333   0.81224   0.79653   0.86614   0.19946   133   120   34    220   0.48750   0.22466   
AUC improved at epoch  9 ;	best_auc: 0.8122374031309327
10    664.88  0.62921   0.68639   0.45909   0.36644   0.48617   0.80921   0.60741   0.81241   0.79424   0.88583   0.21077   123   130   29    225   0.45905   0.19262   
AUC improved at epoch  10 ;	best_auc: 0.8124085773863247
11    674.21  0.62840   0.69822   0.45508   0.35607   0.52174   0.80488   0.63309   0.81270   0.79325   0.87402   0.20710   132   121   32    222   0.48022   0.19300   
AUC improved at epoch  11 ;	best_auc: 0.8127042420092745
12    682.42  0.63233   0.71598   0.45343   0.35047   0.56126   0.81143   0.66355   0.81095   0.78780   0.87008   0.20559   142   111   33    221   0.49277   0.19432   
13    690.61  0.63829   0.71400   0.45226   0.34574   0.58498   0.78723   0.67120   0.80916   0.78123   0.84252   0.20454   148   105   40    214   0.50509   0.19715   
14    699.67  0.65271   0.71203   0.45414   0.34462   0.58498   0.78307   0.66968   0.80656   0.77347   0.83858   0.20624   148   105   41    213   0.50621   0.19604   
15    706.76  0.66967   0.70611   0.45642   0.34438   0.58103   0.77368   0.66366   0.80376   0.76186   0.83071   0.20832   147   106   43    211   0.50457   0.19393   
16    715.11  0.71528   0.70809   0.46752   0.34932   0.55336   0.80000   0.65421   0.80086   0.75514   0.86220   0.21857   140   113   35    219   0.47608   0.17541   
17    723.13  1.11602   0.58580   0.56514   0.40833   0.22134   0.81159   0.34783   0.80156   0.75642   0.94882   0.31938   56    197   13    241   0.25564   0.07363   
18    729.79  1.04777   0.58383   0.55688   0.40996   0.20553   0.83871   0.33016   0.79882   0.75506   0.96063   0.31012   52    201   10    244   0.26164   0.08284   
19    737.04  0.91815   0.61736   0.52557   0.39309   0.30040   0.81720   0.43931   0.79694   0.75048   0.93307   0.27622   76    177   17    237   0.32327   0.11057   
20    745.75  0.92454   0.63314   0.51846   0.38517   0.34387   0.81308   0.48333   0.79641   0.75184   0.92126   0.26880   87    166   20    234   0.34482   0.11622   
21    757.39  0.86322   0.65286   0.49941   0.37565   0.40316   0.80315   0.53684   0.79685   0.75721   0.90157   0.24941   102   151   25    229   0.38328   0.13553   
Early stopping triggered at epoch 21!

Fold: 3
Epoch Time    LL        Acc       RMSE      MAE       Recall    Prec      F1        AUC       AUPRC     Spec      Brier     TP    FN    FP    TN    PosAvg    NegAvg    
1     776.64  0.70894   0.50099   0.50771   0.49964   0.00000   0.00000   0.00000   0.60614   0.61385   1.00000   0.25777   0     253   0     254   0.41005   0.40969   
AUC improved at epoch  1 ;	best_auc: 0.6061435996389779
2     784.54  0.72308   0.50099   0.51431   0.49864   0.00000   0.00000   0.00000   0.74805   0.77022   1.00000   0.26452   0     253   0     254   0.37512   0.37289   
AUC improved at epoch  2 ;	best_auc: 0.7480470573589368
3     791.95  0.71471   0.50099   0.51049   0.48393   0.00000   0.00000   0.00000   0.78010   0.80196   1.00000   0.26060   0     253   0     254   0.35584   0.32433   
AUC improved at epoch  3 ;	best_auc: 0.780103327005073
4     798.97  0.60249   0.68047   0.45519   0.40440   0.42292   0.86992   0.56915   0.79605   0.79947   0.93701   0.20720   107   146   16    238   0.46194   0.27127   
AUC improved at epoch  4 ;	best_auc: 0.7960536553484173
5     807.50  0.60620   0.69428   0.45695   0.38580   0.44269   0.88889   0.59103   0.81006   0.81007   0.94488   0.20881   112   141   14    240   0.45368   0.22591   
AUC improved at epoch  5 ;	best_auc: 0.810058821698671
6     816.83  0.59285   0.70414   0.45166   0.36913   0.48221   0.86525   0.61929   0.82995   0.80616   0.92520   0.20399   122   131   19    235   0.46546   0.20437   
AUC improved at epoch  6 ;	best_auc: 0.8299461579160312
7     824.48  0.56335   0.70611   0.43807   0.35487   0.52569   0.82099   0.64096   0.82730   0.79689   0.88583   0.19190   133   120   29    225   0.51279   0.22306   
8     833.55  0.52743   0.72978   0.42165   0.35011   0.61265   0.79897   0.69351   0.83287   0.80571   0.84646   0.17779   155   98    39    215   0.55969   0.26026   
AUC improved at epoch  8 ;	best_auc: 0.8328716815536399
9     845.92  0.55502   0.71598   0.43502   0.34763   0.58103   0.79459   0.67123   0.82791   0.79899   0.85039   0.18924   147   106   38    216   0.53047   0.22622   
10    857.11  0.63666   0.67653   0.46972   0.36887   0.42688   0.85039   0.56842   0.83449   0.80300   0.92520   0.22064   108   145   19    235   0.42492   0.16347   
AUC improved at epoch  10 ;	best_auc: 0.8344900563318913
11    864.98  0.62042   0.68836   0.46007   0.35443   0.47431   0.82759   0.60302   0.82858   0.79561   0.90157   0.21167   120   133   25    229   0.46342   0.17299   
12    875.73  0.63897   0.69625   0.46403   0.35092   0.49012   0.83221   0.61692   0.82386   0.79061   0.90157   0.21532   124   129   25    229   0.46609   0.16864   
13    885.02  0.67422   0.69428   0.47310   0.35179   0.48617   0.83108   0.61347   0.82067   0.78810   0.90157   0.22382   123   130   25    229   0.45244   0.15680   
14    892.07  0.73042   0.68245   0.48615   0.35411   0.45455   0.83333   0.58824   0.81961   0.78890   0.90945   0.23634   115   138   23    231   0.42847   0.13755   
15    899.52  0.82702   0.67456   0.50671   0.36091   0.41502   0.86066   0.56000   0.81960   0.78919   0.93307   0.25675   105   148   17    237   0.38844   0.11125   
16    907.59  0.92314   0.65286   0.52396   0.36813   0.36759   0.85321   0.51381   0.82003   0.78808   0.93701   0.27454   93    160   16    238   0.35577   0.09311   
17    915.05  1.02754   0.64103   0.54007   0.37677   0.33597   0.85859   0.48295   0.82034   0.78870   0.94488   0.29167   85    168   14    240   0.32413   0.07885   
18    922.97  1.30861   0.58383   0.58847   0.41206   0.20949   0.82812   0.33438   0.81635   0.77704   0.95669   0.34630   53    200   11    243   0.22834   0.05388   
19    930.72  0.54154   0.72387   0.42811   0.36296   0.70751   0.73061   0.71888   0.81899   0.80850   0.74016   0.18328   179   74    66    188   0.54475   0.27104   
20    940.52  0.64160   0.69822   0.45648   0.33018   0.57708   0.76042   0.65618   0.81781   0.80127   0.81890   0.20837   146   107   46    208   0.53746   0.19833   
21    949.05  0.70846   0.70611   0.46927   0.32740   0.57312   0.77957   0.66059   0.81776   0.79999   0.83858   0.22022   145   108   41    213   0.52650   0.18187   
Early stopping triggered at epoch 21!

Fold: 4
Epoch Time    LL        Acc       RMSE      MAE       Recall    Prec      F1        AUC       AUPRC     Spec      Brier     TP    FN    FP    TN    PosAvg    NegAvg    
1     969.20  0.70671   0.50000   0.50665   0.49976   0.00000   0.00000   0.00000   0.66053   0.63837   1.00000   0.25669   0     253   0     253   0.41701   0.41654   
AUC improved at epoch  1 ;	best_auc: 0.6605321126716556
2     977.10  0.72168   0.50000   0.51368   0.49905   0.00000   0.00000   0.00000   0.72524   0.70195   1.00000   0.26387   0     253   0     253   0.37925   0.37735   
AUC improved at epoch  2 ;	best_auc: 0.7252417628770954
3     985.52  0.70872   0.50000   0.50768   0.49080   0.00000   0.00000   0.00000   0.76108   0.74185   1.00000   0.25774   0     253   0     253   0.38104   0.36265   
AUC improved at epoch  3 ;	best_auc: 0.7610804730584761
4     993.62  0.60513   0.63636   0.45770   0.42524   0.44269   0.72258   0.54902   0.76313   0.73776   0.83004   0.20949   112   141   43    210   0.50249   0.35298   
AUC improved at epoch  4 ;	best_auc: 0.7631270602571513
5     1001.37 0.66589   0.62055   0.48690   0.41109   0.32016   0.80198   0.45763   0.78284   0.75064   0.92095   0.23707   81    172   20    233   0.40912   0.23129   
AUC improved at epoch  5 ;	best_auc: 0.7828430376978237
6     1009.35 0.54821   0.70356   0.43181   0.36988   0.56522   0.78142   0.65596   0.81670   0.77998   0.84190   0.18646   143   110   40    213   0.55191   0.29167   
AUC improved at epoch  6 ;	best_auc: 0.8166976518927025
7     1016.93 0.62752   0.65810   0.46873   0.37461   0.41897   0.80303   0.55065   0.82038   0.77932   0.89723   0.21971   106   147   26    227   0.44679   0.19602   
AUC improved at epoch  7 ;	best_auc: 0.8203846334109266
8     1028.82 0.78125   0.61462   0.51785   0.38924   0.29249   0.82222   0.43149   0.82109   0.77979   0.93676   0.26817   74    179   16    237   0.34792   0.12640   
AUC improved at epoch  8 ;	best_auc: 0.8210876595478761
9     1035.65 0.81749   0.62055   0.52489   0.38860   0.29644   0.84270   0.43860   0.82381   0.78167   0.94466   0.27551   75    178   14    239   0.33722   0.11442   
AUC improved at epoch  9 ;	best_auc: 0.823806027277414
10    1047.05 0.61805   0.67194   0.46022   0.35105   0.48221   0.77707   0.59512   0.82681   0.78777   0.86166   0.21181   122   131   35    218   0.48095   0.18305   
AUC improved at epoch  10 ;	best_auc: 0.8268056054617321
11    1054.51 0.62750   0.67984   0.46164   0.34756   0.50593   0.77576   0.61244   0.82485   0.78360   0.85375   0.21311   128   125   37    216   0.48440   0.17952   
12    1062.65 0.63476   0.68775   0.46203   0.34485   0.52569   0.77778   0.62736   0.82235   0.78069   0.84980   0.21347   133   120   38    215   0.49089   0.18059   
13    1069.98 0.65865   0.68379   0.46754   0.34501   0.52174   0.77193   0.62264   0.81856   0.77590   0.84585   0.21859   132   121   39    214   0.48617   0.17619   
14    1078.69 0.70122   0.68379   0.47748   0.34740   0.50988   0.78182   0.61722   0.81564   0.77242   0.85771   0.22799   129   124   36    217   0.47122   0.16603   
15    1101.87 0.75757   0.67787   0.48954   0.35215   0.49407   0.78125   0.60533   0.81256   0.76827   0.86166   0.23965   125   128   35    218   0.45099   0.15530   
16    1114.11 0.76035   0.68182   0.48670   0.34802   0.50198   0.78395   0.61205   0.81206   0.76833   0.86166   0.23687   127   126   35    218   0.46298   0.15902   
17    1123.70 0.63603   0.72530   0.45114   0.32792   0.64822   0.76636   0.70236   0.80990   0.76279   0.80237   0.20353   164   89    50    203   0.55447   0.21031   
18    1131.93 0.69192   0.68775   0.47234   0.34366   0.54150   0.76536   0.63426   0.80990   0.75920   0.83399   0.22311   137   116   42    211   0.49486   0.18218   
19    1142.33 0.58853   0.73320   0.43649   0.31192   0.69170   0.75431   0.72165   0.81556   0.76579   0.77470   0.19052   175   78    57    196   0.60727   0.23112   
20    1155.07 0.59254   0.74704   0.43423   0.30444   0.73123   0.75510   0.74297   0.81674   0.76982   0.76285   0.18855   185   68    60    193   0.63224   0.24111   
21    1163.51 0.65037   0.72925   0.44731   0.30820   0.69170   0.74786   0.71869   0.81490   0.76829   0.76680   0.20008   175   78    59    194   0.60555   0.22196   
22    1173.13 0.74812   0.72134   0.46601   0.31367   0.66008   0.75225   0.70316   0.80781   0.75562   0.78261   0.21717   167   86    55    198   0.57537   0.20270   
23    1180.63 0.83935   0.69368   0.48667   0.33497   0.57708   0.75258   0.65324   0.80040   0.74549   0.81028   0.23684   146   107   48    205   0.50910   0.17904   
Early stopping triggered at epoch 23!

Fold: 5
Epoch Time    LL        Acc       RMSE      MAE       Recall    Prec      F1        AUC       AUPRC     Spec      Brier     TP    FN    FP    TN    PosAvg    NegAvg    
1     1221.17 0.70656   0.50000   0.50657   0.49979   0.00000   0.00000   0.00000   0.65630   0.66734   1.00000   0.25662   0     253   0     253   0.41761   0.41719   
AUC improved at epoch  1 ;	best_auc: 0.6562983330469153
2     1234.17 0.71961   0.50000   0.51273   0.49917   0.00000   0.00000   0.00000   0.73718   0.75597   1.00000   0.26289   0     253   0     253   0.38371   0.38205   
AUC improved at epoch  2 ;	best_auc: 0.7371775844021934
3     1246.13 0.70935   0.50000   0.50793   0.49438   0.00000   0.00000   0.00000   0.77184   0.79487   1.00000   0.25800   0     253   0     253   0.38957   0.37834   
AUC improved at epoch  3 ;	best_auc: 0.771844584355325
4     1257.49 0.63617   0.68379   0.46891   0.41048   0.41502   0.89744   0.56757   0.78348   0.80131   0.95257   0.21988   105   148   12    241   0.42111   0.24208   
AUC improved at epoch  4 ;	best_auc: 0.7834835726225998
5     1266.71 0.55550   0.75099   0.42912   0.37784   0.64032   0.82234   0.72000   0.80646   0.81563   0.86166   0.18414   162   91    35    218   0.55401   0.30970   
AUC improved at epoch  5 ;	best_auc: 0.8064647158993268
6     1274.18 0.53758   0.75296   0.41801   0.34980   0.66403   0.80769   0.72885   0.82484   0.81557   0.84190   0.17473   168   85    40    213   0.57990   0.27951   
AUC improved at epoch  6 ;	best_auc: 0.8248371322782733
7     1283.38 0.64423   0.69170   0.46109   0.35494   0.47431   0.83916   0.60606   0.82181   0.80646   0.90909   0.21261   120   133   23    230   0.45951   0.16939   
8     1291.07 0.77903   0.66601   0.50007   0.36581   0.38735   0.87500   0.53699   0.82495   0.80809   0.94466   0.25007   98    155   14    239   0.38157   0.11319   
AUC improved at epoch  8 ;	best_auc: 0.8249464918995766
9     1299.84 0.60477   0.72332   0.43970   0.33164   0.57708   0.81564   0.67593   0.82417   0.80697   0.86957   0.19333   146   107   33    220   0.52849   0.19177   
10    1307.15 0.63797   0.72332   0.44797   0.32806   0.58498   0.80874   0.67890   0.82220   0.80107   0.86166   0.20068   148   105   35    218   0.52573   0.18185   
11    1314.61 0.66553   0.71937   0.45473   0.32779   0.58893   0.79679   0.67727   0.81929   0.79759   0.84980   0.20678   149   104   38    215   0.52342   0.17900   
12    1323.53 0.67151   0.71937   0.45475   0.32420   0.60870   0.78173   0.68444   0.81598   0.79121   0.83004   0.20680   154   99    43    210   0.54019   0.18859   
13    1334.04 0.68332   0.72530   0.45658   0.32200   0.62055   0.78500   0.69316   0.81315   0.78820   0.83004   0.20847   157   96    43    210   0.55030   0.19430   
14    1342.58 0.67980   0.72332   0.45401   0.31650   0.64427   0.76526   0.69957   0.81006   0.78382   0.80237   0.20612   163   90    50    203   0.57734   0.21034   
15    1350.33 0.69035   0.72134   0.45450   0.31142   0.66008   0.75225   0.70316   0.80945   0.78140   0.78261   0.20657   167   86    55    198   0.59401   0.21685   
16    1357.78 0.71212   0.72134   0.45788   0.30864   0.66798   0.74779   0.70564   0.80775   0.77366   0.77470   0.20966   169   84    57    196   0.60264   0.21991   
17    1366.69 0.72075   0.73320   0.45955   0.30593   0.69960   0.75000   0.72393   0.80696   0.77644   0.76680   0.21118   177   76    59    194   0.61754   0.22941   
18    1375.03 0.65517   0.72727   0.44798   0.31227   0.70356   0.73859   0.72065   0.80770   0.77906   0.75099   0.20068   178   75    63    190   0.61847   0.24301   
19    1383.19 0.62982   0.72925   0.44135   0.30135   0.74704   0.72137   0.73398   0.81040   0.79943   0.71146   0.19479   189   64    73    180   0.67928   0.28198   
20    1392.75 0.69616   0.72925   0.45634   0.29905   0.72332   0.73200   0.72763   0.80828   0.79361   0.73518   0.20825   183   70    67    186   0.66994   0.26803   
21    1402.91 0.77110   0.71937   0.46976   0.30066   0.69170   0.73222   0.71138   0.80470   0.78196   0.74704   0.22068   175   78    64    189   0.64717   0.24850   
22    1411.41 0.83365   0.71344   0.47849   0.30214   0.67194   0.73276   0.70103   0.80251   0.77604   0.75494   0.22895   170   83    62    191   0.63411   0.23839   
23    1419.36 0.92297   0.70553   0.49096   0.30584   0.64822   0.73214   0.68763   0.80231   0.78482   0.76285   0.24104   164   89    60    193   0.61809   0.22976   
Early stopping triggered at epoch 23!

Fold: 6
Epoch Time    LL        Acc       RMSE      MAE       Recall    Prec      F1        AUC       AUPRC     Spec      Brier     TP    FN    FP    TN    PosAvg    NegAvg    
1     1434.76 0.70834   0.50000   0.50743   0.49984   0.00000   0.00000   0.00000   0.63097   0.61545   1.00000   0.25748   0     253   0     253   0.41273   0.41240   
AUC improved at epoch  1 ;	best_auc: 0.6309659579121687
2     1443.14 0.72189   0.50000   0.51378   0.49921   0.00000   0.00000   0.00000   0.73306   0.74521   1.00000   0.26397   0     253   0     253   0.37934   0.37776   
AUC improved at epoch  2 ;	best_auc: 0.7330609758002781
3     1451.44 0.71353   0.50000   0.50991   0.49531   0.00000   0.00000   0.00000   0.79048   0.79374   1.00000   0.26001   0     253   0     253   0.38386   0.37449   
AUC improved at epoch  3 ;	best_auc: 0.7904825883860083
4     1462.23 0.65051   0.62846   0.47852   0.42001   0.30830   0.85714   0.45349   0.80357   0.79864   0.94862   0.22898   78    175   13    240   0.39996   0.23999   
AUC improved at epoch  4 ;	best_auc: 0.8035744973363121
5     1474.17 0.55991   0.73320   0.43388   0.38050   0.55336   0.86420   0.67470   0.81973   0.80890   0.91304   0.18825   140   113   22    231   0.51974   0.28075   
AUC improved at epoch  5 ;	best_auc: 0.8197284756831071
6     1483.85 0.51780   0.74704   0.41318   0.34708   0.62846   0.82383   0.71300   0.84004   0.82312   0.86561   0.17072   159   94    34    219   0.57942   0.27358   
AUC improved at epoch  6 ;	best_auc: 0.8400381196394258
7     1493.03 0.58188   0.71739   0.44316   0.34725   0.50988   0.87162   0.64339   0.84512   0.82616   0.92490   0.19639   129   124   19    234   0.48782   0.18232   
AUC improved at epoch  7 ;	best_auc: 0.8451155306285054
8     1500.86 0.61444   0.69763   0.45606   0.34679   0.44664   0.89683   0.59631   0.84930   0.83023   0.94862   0.20799   113   140   13    240   0.46221   0.15578   
AUC improved at epoch  8 ;	best_auc: 0.8493024418441155
9     1510.68 0.54773   0.73320   0.42547   0.32596   0.56917   0.84706   0.68085   0.84813   0.82613   0.89723   0.18102   144   109   26    227   0.54043   0.19235   
10    1518.93 0.55731   0.74308   0.42762   0.31875   0.59289   0.84746   0.69767   0.84824   0.82320   0.89328   0.18286   150   103   27    226   0.54473   0.18224   
11    1528.01 0.58263   0.73320   0.43568   0.31676   0.57708   0.83908   0.68384   0.84719   0.82018   0.88933   0.18982   146   107   28    225   0.53303   0.16654   
12    1536.82 0.58832   0.74111   0.43571   0.31306   0.59289   0.84270   0.69606   0.84618   0.81820   0.88933   0.18984   150   103   28    225   0.53905   0.16516   
13    1543.99 0.55898   0.75692   0.42294   0.30298   0.65217   0.82500   0.72848   0.84398   0.81622   0.86166   0.17888   165   88    35    218   0.58418   0.19013   
14    1552.12 0.53407   0.76680   0.41280   0.29671   0.69565   0.81106   0.74894   0.84349   0.81247   0.83794   0.17041   176   77    41    212   0.62388   0.21730   
15    1560.55 0.54409   0.76482   0.41633   0.29555   0.69565   0.80734   0.74735   0.84216   0.81186   0.83399   0.17333   176   77    42    211   0.62326   0.21437   
16    1568.18 0.59315   0.74111   0.43502   0.30471   0.63241   0.80808   0.70953   0.83993   0.81133   0.84980   0.18924   160   93    38    215   0.57162   0.18104   
17    1575.15 0.51829   0.75692   0.40848   0.29686   0.74704   0.76210   0.75449   0.83877   0.82073   0.76680   0.16685   189   64    59    194   0.67173   0.26545   
18    1584.07 0.54056   0.76087   0.41624   0.29870   0.73518   0.77500   0.75456   0.83473   0.81982   0.78656   0.17326   186   67    54    199   0.64246   0.23986   
19    1594.73 0.56972   0.75099   0.42398   0.29197   0.70751   0.77489   0.73967   0.83176   0.81594   0.79447   0.17976   179   74    52    201   0.64399   0.22794   
20    1603.90 0.60099   0.75099   0.43200   0.28798   0.69170   0.78475   0.73529   0.82766   0.80806   0.81028   0.18662   175   78    48    205   0.64432   0.22028   
21    1611.86 0.61710   0.74901   0.43461   0.28373   0.71146   0.76923   0.73922   0.82337   0.80057   0.78656   0.18889   180   73    54    199   0.66612   0.23357   
22    1620.47 0.64868   0.75494   0.43973   0.27941   0.72727   0.76987   0.74797   0.82048   0.79446   0.78261   0.19336   184   69    55    198   0.67573   0.23456   
Early stopping triggered at epoch 22!

Fold: 7
Epoch Time    LL        Acc       RMSE      MAE       Recall    Prec      F1        AUC       AUPRC     Spec      Brier     TP    FN    FP    TN    PosAvg    NegAvg    
1     1636.91 0.70730   0.50000   0.50693   0.49979   0.00000   0.00000   0.00000   0.65488   0.64353   1.00000   0.25698   0     253   0     253   0.41546   0.41505   
AUC improved at epoch  1 ;	best_auc: 0.6548844693714947
2     1646.56 0.71990   0.50000   0.51286   0.49909   0.00000   0.00000   0.00000   0.70664   0.71627   1.00000   0.26302   0     253   0     253   0.38290   0.38108   
AUC improved at epoch  2 ;	best_auc: 0.7066350044524988
3     1655.16 0.70404   0.50000   0.50538   0.49102   0.00000   0.00000   0.00000   0.70937   0.71965   1.00000   0.25540   0     253   0     253   0.39153   0.37356   
AUC improved at epoch  3 ;	best_auc: 0.7093689949850803
4     1662.18 0.65274   0.62846   0.47827   0.42577   0.41897   0.72109   0.53000   0.71626   0.72669   0.83794   0.22874   106   147   41    212   0.46255   0.31409   
AUC improved at epoch  4 ;	best_auc: 0.7162586511271853
5     1669.16 0.67854   0.62451   0.48669   0.40521   0.37154   0.75200   0.49735   0.74030   0.73502   0.87747   0.23687   94    159   31    222   0.43748   0.24790   
AUC improved at epoch  5 ;	best_auc: 0.7403021450108577
6     1676.12 0.60185   0.69170   0.45145   0.37201   0.54545   0.77095   0.63889   0.77981   0.75844   0.83794   0.20381   138   115   41    212   0.53248   0.27650   
AUC improved at epoch  6 ;	best_auc: 0.7798122139074193
7     1685.96 0.58819   0.70356   0.44358   0.35826   0.59684   0.75879   0.66814   0.79309   0.76146   0.81028   0.19676   151   102   48    205   0.55265   0.26917   
AUC improved at epoch  7 ;	best_auc: 0.793091596494243
8     1692.93 0.80768   0.64032   0.51506   0.38025   0.33992   0.85149   0.48588   0.79692   0.76544   0.94071   0.26529   86    167   15    238   0.37148   0.13199   
AUC improved at epoch  8 ;	best_auc: 0.7969191832398569
9     1701.71 0.72953   0.65613   0.49117   0.36692   0.39921   0.82114   0.53723   0.79600   0.76580   0.91304   0.24125   101   152   22    231   0.42900   0.16283   
10    1710.00 0.66365   0.67391   0.46732   0.35109   0.48617   0.77848   0.59854   0.79929   0.76438   0.86166   0.21838   123   130   35    218   0.49486   0.19704   
AUC improved at epoch  10 ;	best_auc: 0.7992938493024419
11    1717.96 0.69194   0.67194   0.47398   0.34892   0.47431   0.78431   0.59113   0.80112   0.76312   0.86957   0.22466   120   133   33    220   0.48375   0.18159   
AUC improved at epoch  11 ;	best_auc: 0.8011217172585106
12    1725.85 0.70909   0.67787   0.47702   0.34661   0.49012   0.78481   0.60341   0.80184   0.76259   0.86561   0.22755   124   129   34    219   0.48135   0.17458   
AUC improved at epoch  12 ;	best_auc: 0.8018403661985032
13    1734.37 0.71819   0.67787   0.47683   0.34281   0.49802   0.77778   0.60723   0.80215   0.76288   0.85771   0.22737   126   127   36    217   0.48699   0.17261   
AUC improved at epoch  13 ;	best_auc: 0.8021528222593698
14    1742.41 0.71487   0.68775   0.47379   0.33839   0.52569   0.77778   0.62736   0.80250   0.76290   0.84980   0.22448   133   120   38    215   0.49949   0.17628   
AUC improved at epoch  14 ;	best_auc: 0.8024965239263229
15    1751.06 0.68998   0.70553   0.46506   0.33114   0.57708   0.77660   0.66213   0.80290   0.76324   0.83399   0.21628   146   107   42    211   0.52872   0.19100   
AUC improved at epoch  15 ;	best_auc: 0.8029027168054492
16    1763.77 0.66200   0.72530   0.45582   0.32273   0.63636   0.77404   0.69848   0.80325   0.76381   0.81423   0.20777   161   92    47    206   0.56728   0.21275   
AUC improved at epoch  16 ;	best_auc: 0.8032464184724023
17    1771.07 0.64507   0.72530   0.45012   0.31540   0.65613   0.76147   0.70488   0.80562   0.76771   0.79447   0.20261   166   87    52    201   0.59903   0.22982   
AUC improved at epoch  17 ;	best_auc: 0.8056210845349873
18    1778.22 0.64638   0.72925   0.44955   0.31066   0.66403   0.76364   0.71036   0.80750   0.77111   0.79447   0.20210   168   85    52    201   0.61309   0.23441   
AUC improved at epoch  18 ;	best_auc: 0.8074958209001859
19    1786.79 0.65016   0.73123   0.44872   0.30493   0.68379   0.75546   0.71784   0.81242   0.78551   0.77866   0.20135   173   80    56    197   0.62564   0.23549   
AUC improved at epoch  19 ;	best_auc: 0.8124170038588323
20    1794.20 0.63288   0.73715   0.44394   0.31125   0.67589   0.77027   0.72000   0.81435   0.79741   0.79842   0.19708   171   82    51    202   0.60193   0.22444   
AUC improved at epoch  20 ;	best_auc: 0.8143542314362042
21    1801.74 0.55426   0.74901   0.42426   0.32827   0.84980   0.70724   0.77199   0.81190   0.79576   0.64822   0.17999   215   38    89    164   0.70438   0.36092   
22    1825.23 0.73211   0.68972   0.47156   0.33303   0.53755   0.77273   0.63403   0.80845   0.78256   0.84190   0.22237   136   117   40    213   0.49679   0.16285   
23    1869.60 0.91941   0.66008   0.50509   0.34617   0.43874   0.78723   0.56345   0.80614   0.77990   0.88142   0.25512   111   142   30    223   0.43334   0.12568   
24    1881.04 0.98449   0.67194   0.50634   0.34248   0.46640   0.79195   0.58706   0.80762   0.78346   0.87747   0.25638   118   135   31    222   0.43593   0.12088   
Early stopping triggered at epoch 24!

Fold: 8
Epoch Time    LL        Acc       RMSE      MAE       Recall    Prec      F1        AUC       AUPRC     Spec      Brier     TP    FN    FP    TN    PosAvg    NegAvg    
1     1898.81 0.70686   0.50000   0.50672   0.49986   0.00000   0.00000   0.00000   0.61905   0.59313   1.00000   0.25677   0     253   0     253   0.41702   0.41674   
AUC improved at epoch  1 ;	best_auc: 0.6190535705916356
2     1906.94 0.72238   0.50000   0.51400   0.49932   0.00000   0.00000   0.00000   0.68926   0.69504   1.00000   0.26420   0     253   0     253   0.37872   0.37736   
AUC improved at epoch  2 ;	best_auc: 0.6892624474683247
3     1914.24 0.71479   0.50000   0.51049   0.49513   0.00000   0.00000   0.00000   0.72879   0.73997   1.00000   0.26060   0     253   0     253   0.38107   0.37132   
AUC improved at epoch  3 ;	best_auc: 0.7287881391679295
4     1920.45 0.71289   0.63043   0.50166   0.42181   0.31225   0.85870   0.45797   0.75064   0.75683   0.94862   0.25166   79    174   13    240   0.36445   0.20806   
AUC improved at epoch  4 ;	best_auc: 0.750644440625537
5     1926.80 0.64623   0.66008   0.47441   0.39607   0.43083   0.79562   0.55897   0.77492   0.77343   0.88933   0.22507   109   144   28    225   0.44233   0.23447   
AUC improved at epoch  5 ;	best_auc: 0.7749222765548596
6     1933.92 0.59292   0.68972   0.45038   0.36851   0.50198   0.80380   0.61800   0.80534   0.79424   0.87747   0.20285   127   126   31    222   0.49828   0.23529   
AUC improved at epoch  6 ;	best_auc: 0.8053398740802075
7     1945.11 0.55905   0.72134   0.43327   0.34605   0.56917   0.81818   0.67133   0.82627   0.81070   0.87352   0.18772   144   109   32    221   0.53458   0.22668   
AUC improved at epoch  7 ;	best_auc: 0.826274430158259
8     1955.47 0.68595   0.67194   0.48237   0.36540   0.40711   0.86555   0.55376   0.83066   0.81161   0.93676   0.23268   103   150   16    237   0.41048   0.14128   
AUC improved at epoch  8 ;	best_auc: 0.8306644378134325
9     1967.06 0.54901   0.72134   0.42964   0.35113   0.59684   0.79474   0.68172   0.82387   0.80436   0.84585   0.18459   151   102   39    214   0.54404   0.24630   
10    1975.30 0.51906   0.74704   0.41490   0.34642   0.75099   0.74510   0.74803   0.82265   0.80256   0.74308   0.17215   190   63    65    188   0.62501   0.31784   
11    1982.97 0.52503   0.74901   0.41674   0.33518   0.72332   0.76250   0.74239   0.82382   0.80347   0.77470   0.17367   183   70    57    196   0.61426   0.28461   
12    1990.83 0.52101   0.75296   0.41518   0.33418   0.79051   0.73529   0.76190   0.82184   0.79961   0.71542   0.17237   200   53    72    181   0.65577   0.32414   
13    1998.68 0.52531   0.74308   0.41695   0.33109   0.80632   0.71579   0.75836   0.82053   0.79783   0.67984   0.17384   204   49    81    172   0.67323   0.33541   
14    2006.82 0.53189   0.73715   0.42011   0.33043   0.80632   0.70833   0.75416   0.81771   0.79361   0.66798   0.17649   204   49    84    169   0.68307   0.34393   
15    2016.56 0.54929   0.75494   0.42405   0.32215   0.75889   0.75294   0.75591   0.81468   0.79040   0.75099   0.17982   192   61    63    190   0.64088   0.28518   
16    2024.96 0.59086   0.73913   0.43666   0.32018   0.69170   0.76419   0.72614   0.81201   0.78696   0.78656   0.19067   175   78    54    199   0.60231   0.24266   
17    2033.19 0.67994   0.72530   0.46062   0.32547   0.61265   0.79082   0.69042   0.80886   0.78309   0.83794   0.21217   155   98    41    212   0.53798   0.18892   
18    2041.26 0.74602   0.70553   0.47726   0.33357   0.55731   0.79213   0.65429   0.81009   0.78328   0.85375   0.22778   141   112   37    216   0.49248   0.15961   
19    2049.88 0.65668   0.72134   0.45421   0.32241   0.61265   0.78283   0.68736   0.81093   0.78600   0.83004   0.20631   155   98    43    210   0.55710   0.20192   
20    2057.98 0.63861   0.73123   0.44732   0.31955   0.65613   0.77209   0.70940   0.81045   0.78632   0.80632   0.20010   166   87    49    204   0.57622   0.21532   
21    2069.62 0.70134   0.71739   0.46148   0.32757   0.60870   0.77778   0.68293   0.80912   0.78471   0.82609   0.21297   154   99    44    209   0.52556   0.18070   
22    2076.84 0.97832   0.64625   0.52605   0.37450   0.39921   0.78906   0.53018   0.79967   0.77296   0.89328   0.27673   101   152   27    226   0.35885   0.10785   
23    2084.43 0.91732   0.67194   0.51078   0.35857   0.45850   0.80000   0.58291   0.79848   0.76861   0.88538   0.26090   116   137   29    224   0.40783   0.12496   
Early stopping triggered at epoch 23!

Fold: 9
Epoch Time    LL        Acc       RMSE      MAE       Recall    Prec      F1        AUC       AUPRC     Spec      Brier     TP    FN    FP    TN    PosAvg    NegAvg    
1     2101.19 0.70730   0.50000   0.50693   0.49985   0.00000   0.00000   0.00000   0.63168   0.60029   1.00000   0.25698   0     253   0     253   0.41573   0.41543   
AUC improved at epoch  1 ;	best_auc: 0.6316767954506397
2     2109.54 0.72150   0.50000   0.51360   0.49921   0.00000   0.00000   0.00000   0.72077   0.74887   1.00000   0.26378   0     253   0     253   0.38007   0.37848   
AUC improved at epoch  2 ;	best_auc: 0.7207736412067053
3     2119.88 0.71026   0.50000   0.50837   0.49346   0.00000   0.00000   0.00000   0.77253   0.78279   1.00000   0.25844   0     253   0     253   0.38495   0.37187   
AUC improved at epoch  3 ;	best_auc: 0.7725319876892313
4     2126.22 0.63520   0.65217   0.47076   0.40702   0.36364   0.85981   0.51111   0.79612   0.79538   0.94071   0.22161   92    161   15    238   0.42293   0.23697   
AUC improved at epoch  4 ;	best_auc: 0.7961224202846475
5     2132.85 0.55569   0.72134   0.43213   0.36949   0.58498   0.80435   0.67735   0.81509   0.81209   0.85771   0.18674   148   105   36    217   0.53348   0.27247   
AUC improved at epoch  5 ;	best_auc: 0.8150885031792405
6     2139.57 0.52743   0.74308   0.41683   0.34292   0.65613   0.79426   0.71861   0.82820   0.81337   0.83004   0.17375   166   87    43    210   0.58604   0.27188   
AUC improved at epoch  6 ;	best_auc: 0.8281960349325876
7     2149.59 0.51848   0.73913   0.41271   0.34291   0.71937   0.74897   0.73387   0.82712   0.80537   0.75889   0.17033   182   71    61    192   0.62359   0.30941   
8     2161.06 0.83959   0.60672   0.52988   0.39253   0.26087   0.84615   0.39879   0.82317   0.79647   0.95257   0.28077   66    187   12    241   0.32096   0.10603   
9     2168.88 0.70419   0.66403   0.48541   0.36184   0.39921   0.84874   0.54301   0.82259   0.79609   0.92885   0.23563   101   152   18    235   0.42157   0.14526   
10    2176.69 0.58747   0.70751   0.44319   0.34043   0.58893   0.77202   0.66816   0.81742   0.79239   0.82609   0.19641   149   104   44    209   0.53643   0.21728   
11    2190.66 0.53259   0.73913   0.41947   0.32880   0.75494   0.73180   0.74319   0.81554   0.79033   0.72332   0.17596   191   62    70    183   0.65575   0.31335   
12    2197.33 0.53814   0.75099   0.42117   0.32565   0.84190   0.71237   0.77174   0.81229   0.78477   0.66008   0.17738   213   40    86    167   0.71110   0.36240   
13    2205.31 0.55087   0.74704   0.42676   0.32515   0.88142   0.69470   0.77700   0.80960   0.78042   0.61265   0.18212   223   30    98    155   0.73981   0.39012   
14    2227.86 0.55676   0.74308   0.42941   0.32333   0.88538   0.68923   0.77509   0.80782   0.77946   0.60079   0.18439   224   29    101   152   0.74250   0.38916   
15    2291.55 0.55534   0.73518   0.42828   0.31779   0.79842   0.70877   0.75093   0.80651   0.77480   0.67194   0.18342   202   51    83    170   0.69870   0.33429   
16    2387.21 0.56912   0.72925   0.43344   0.31908   0.75099   0.71970   0.73501   0.80550   0.77351   0.70751   0.18787   190   63    74    179   0.66102   0.29918   
17    2411.16 0.58881   0.71739   0.43961   0.32143   0.69960   0.72541   0.71227   0.80567   0.77558   0.73518   0.19326   177   76    67    186   0.62453   0.26738   
18    2432.44 0.71263   0.67984   0.47783   0.34980   0.49802   0.78261   0.60870   0.81023   0.77484   0.86166   0.22833   126   127   35    218   0.46549   0.16510   
19    2542.56 0.75043   0.67984   0.48797   0.35782   0.47826   0.80132   0.59901   0.80715   0.76230   0.88142   0.23812   121   132   30    223   0.43588   0.15152   
20    2698.14 0.71868   0.69960   0.47601   0.34982   0.55336   0.78212   0.64815   0.80147   0.75184   0.84585   0.22659   140   113   39    214   0.47795   0.17760   
21    2736.37 0.71479   0.69960   0.47254   0.34527   0.58498   0.75897   0.66071   0.79600   0.73737   0.81423   0.22329   148   105   47    206   0.50307   0.19361   
22    2798.76 0.70648   0.70751   0.46870   0.34043   0.61265   0.75610   0.67686   0.79301   0.73037   0.80237   0.21968   155   98    50    203   0.52934   0.21020   
Early stopping triggered at epoch 22!
AUC: [0.8057794653138713, 0.8121440353552644, 0.8127042420092745, 0.8344900563318913, 0.8268056054617321, 0.8249464918995766, 0.8493024418441155, 0.8143542314362042, 0.8306644378134325, 0.8281960349325876]
Mean AUC: 0.8239387042397951 ( 0.012305254018277593 )
AUPR: [0.7733806300853092, 0.785936843846573, 0.7932530016272297, 0.8029956603768623, 0.7877667967797854, 0.8080913891704637, 0.8302303202873464, 0.7974141142274112, 0.8116092675812573, 0.8133696978985007]
Mean AUPR: 0.800404772188074 ( 0.015519103079282321 )
