fold: 0
Epoch		Time		LL		Acc		RMSE		MAE		Recall		Prec		F1		AUC		AUPRC		Spec		Brier		TP		FN		FP		TN		PosAvg		NegAvg
1		7.8		0.71506		0.49901		0.51062		0.49999		0.0		0.0		0.0		0.64458		0.67067		1.0		0.26073		0		254		0		253		0.3966		0.39618
AUC improved at epoch  1 ;	best_auc: 0.6445800006224518
2		20.41		0.72585		0.49901		0.5156		0.49937		0.0		0.0		0.0		0.72407		0.74333		1.0		0.26584		0		254		0		253		0.37256		0.37079
AUC improved at epoch  2 ;	best_auc: 0.724074880956086
3		30.32		0.73089		0.49901		0.51784		0.49366		0.0		0.0		0.0		0.72279		0.74658		1.0		0.26816		0		254		0		253		0.35099		0.3377
4		38.6		0.64456		0.65286		0.47445		0.42619		0.38189		0.83621		0.52432		0.74458		0.75833		0.9249		0.22511		97		157		19		234		0.43687		0.2887
AUC improved at epoch  4 ;	best_auc: 0.7445768883632629
5		47.4		0.64626		0.66469		0.47433		0.41134		0.40945		0.83871		0.55026		0.76504		0.77195		0.92095		0.22499		104		150		20		233		0.43164		0.25371
AUC improved at epoch  5 ;	best_auc: 0.765039992530578
6		65.04		0.60827		0.68836		0.4558		0.38387		0.50394		0.8		0.61836		0.79216		0.77431		0.87352		0.20775		128		126		32		221		0.4819		0.2491
AUC improved at epoch  6 ;	best_auc: 0.7921633313622358
7		71.36		0.64383		0.65483		0.4703		0.38084		0.42126		0.79259		0.55013		0.8003		0.77248		0.88933		0.22118		107		147		28		225		0.44492		0.20591
AUC improved at epoch  7 ;	best_auc: 0.8003018891413278
8		77.73		0.64205		0.6568		0.47242		0.39524		0.39764		0.82787		0.53723		0.80371		0.77956		0.917		0.22318		101		153		21		232		0.42527		0.21505
AUC improved at epoch  8 ;	best_auc: 0.8037098129532229
9		86.68		0.67277		0.65286		0.48278		0.38984		0.38976		0.825		0.52941		0.80232		0.7709		0.917		0.23308		99		155		21		232		0.4094		0.18828
10		95.91		0.70074		0.63905		0.49231		0.39132		0.35827		0.81982		0.49863		0.80002		0.76632		0.92095		0.24237		91		163		20		233		0.39207		0.17385
11		108.32		0.87315		0.57199		0.54548		0.41667		0.18504		0.82456		0.30225		0.79962		0.769		0.96047		0.29755		47		207		10		243		0.28112		0.11327
12		120.49		0.67976		0.63708		0.48396		0.38992		0.37795		0.78689		0.51064		0.79476		0.76036		0.89723		0.23421		96		158		26		227		0.40788		0.18693
13		131.78		0.58538		0.70809		0.44448		0.37379		0.61024		0.7598		0.67686		0.79059		0.75853		0.80632		0.19756		155		99		49		204		0.52098		0.26814
14		143.01		0.57966		0.70611		0.44056		0.36393		0.64961		0.73333		0.68894		0.7884		0.75636		0.76285		0.19409		165		89		60		193		0.55119		0.27871
15		149.32		0.61127		0.69625		0.45113		0.35805		0.61417		0.73585		0.66953		0.78762		0.75412		0.77866		0.20352		156		98		56		197		0.53298		0.24864
16		155.67		0.65293		0.69231		0.46333		0.35679		0.58661		0.745		0.65639		0.78675		0.75		0.79842		0.21468		149		105		51		202		0.51076		0.22382
17		165.55		0.67722		0.68047		0.46926		0.35606		0.56693		0.73469		0.64		0.78449		0.7446		0.79447		0.22021		144		110		52		201		0.50566		0.21722
18		177.71		0.69919		0.67258		0.47406		0.35651		0.55906		0.72449		0.63111		0.7828		0.74119		0.78656		0.22474		142		112		54		199		0.50092		0.21338
19		192.27		0.71424		0.67061		0.47636		0.35586		0.57087		0.71429		0.63457		0.7818		0.73748		0.77075		0.22692		145		109		58		195		0.50233		0.2135
20		202.64		0.72685		0.66667		0.4772		0.35572		0.5748		0.70531		0.63341		0.78094		0.73017		0.75889		0.22772		146		108		61		192		0.50143		0.21231
21		210.32		0.72537		0.68442		0.47315		0.35243		0.62205		0.71171		0.66387		0.78065		0.73255		0.74704		0.22387		158		96		64		189		0.51439		0.21872
22		217.91		0.72459		0.7002		0.46865		0.34792		0.66142		0.71795		0.68852		0.77976		0.72828		0.73913		0.21963		168		86		66		187		0.52914		0.22449
23		225.94		0.70238		0.72189		0.45924		0.34303		0.72047		0.72332		0.72189		0.78194		0.73889		0.72332		0.2109		183		71		70		183		0.54667		0.23229
24		232.81		0.9492		0.67061		0.50693		0.368		0.52362		0.74302		0.61432		0.78427		0.73981		0.81818		0.25698		133		121		46		207		0.42183		0.157
25		239.6		0.65545		0.72584		0.44902		0.34854		0.72835		0.72549		0.72692		0.78683		0.75961		0.72332		0.20162		185		69		70		183		0.54739		0.24406
Early stopping triggered at epoch 25!
fold: 1
Epoch		Time		LL		Acc		RMSE		MAE		Recall		Prec		F1		AUC		AUPRC		Spec		Brier		TP		FN		FP		TN		PosAvg		NegAvg
1		271.07		0.70864		0.49901		0.50757		0.5		0.0		0.0		0.0		0.62047		0.59401		1.0		0.25763		0		254		0		253		0.41282		0.41247
AUC improved at epoch  1 ;	best_auc: 0.6204677725560985
2		291.0		0.72347		0.49901		0.51451		0.4994		0.0		0.0		0.0		0.72242		0.74497		1.0		0.26472		0		254		0		253		0.37709		0.3754
AUC improved at epoch  2 ;	best_auc: 0.7224176029379727
3		310.9		0.7244		0.49901		0.51495		0.49204		0.0		0.0		0.0		0.76527		0.77834		1.0		0.26517		0		254		0		253		0.35726		0.34075
AUC improved at epoch  3 ;	best_auc: 0.7652734119697489
4		319.01		0.61768		0.66272		0.46247		0.41697		0.41339		0.82677		0.55118		0.77978		0.78232		0.91304		0.21388		105		149		22		231		0.45479		0.28822
AUC improved at epoch  4 ;	best_auc: 0.7797765397902338
5		325.38		0.60387		0.67456		0.45577		0.39265		0.43701		0.83459		0.57364		0.80405		0.80171		0.91304		0.20773		111		143		22		231		0.46442		0.24916
AUC improved at epoch  5 ;	best_auc: 0.8040521614640066
6		331.74		0.64278		0.64694		0.4734		0.393		0.3622		0.84404		0.50689		0.81485		0.8033		0.93281		0.22411		92		162		17		236		0.41457		0.1998
AUC improved at epoch  6 ;	best_auc: 0.8148517008496469
7		338.69		0.67651		0.64497		0.48358		0.38339		0.37402		0.81897		0.51351		0.81256		0.79385		0.917		0.23385		95		159		21		232		0.40573		0.17167
